service_id,date,exception_type
25209780,20111225,1
25209780,20120101,1
25209780,20120408,1
25209780,20120603,1
25209780,20120610,1
25209780,20131201,1
25209780,20131208,1
25209780,20151101,1
25209780,20151227,1
25209780,20160103,1
25209780,20160327,1
25209780,20160501,1
25209780,20161225,1
25209780,20170101,1
25209780,20170402,1
25209780,20180603,1
25209780,20180610,1
25209780,20191201,1
25209780,20191208,1
25209780,20200216,1
25209780,20201101,1
25209780,20120402,1
25209780,20130603,1
25209780,20130610,1
25209780,20141208,1
25209780,20150216,1
25209780,20151005,1
25209780,20160404,1
25209780,20160425,1
25209780,20160613,1
25209780,20160815,1
25209780,20170501,1
25209780,20171225,1
25209780,20180101,1
25209780,20180402,1
25209780,20190603,1
25209780,20190610,1
25209780,20201005,1
25209780,20111101,1
25209780,20120501,1
25209780,20121225,1
25209780,20130101,1
25209780,20130402,1
25209780,20140610,1
25209780,20151201,1
25209780,20151208,1
25209780,20160216,1
25209780,20161101,1
25209780,20170228,1
25209780,20170404,1
25209780,20170425,1
25209780,20170613,1
25209780,20180501,1
25209780,20181225,1
25209780,20190101,1
25209780,20190305,1
25209780,20190402,1
25209780,20201201,1
25209780,20201208,1
25209780,20111005,1
25209780,20120404,1
25209780,20120425,1
25209780,20120613,1
25209780,20120815,1
25209780,20130501,1
25209780,20131225,1
25209780,20140101,1
25209780,20150603,1
25209780,20150610,1
25209780,20161005,1
25209780,20171101,1
25209780,20180228,1
25209780,20180404,1
25209780,20180425,1
25209780,20180613,1
25209780,20180815,1
25209780,20190501,1
25209780,20191225,1
25209780,20200101,1
25209780,20200603,1
25209780,20200610,1
25209780,20111201,1
25209780,20111208,1
25209780,20120216,1
25209780,20120607,1
25209780,20121101,1
25209780,20130404,1
25209780,20130425,1
25209780,20130613,1
25209780,20130815,1
25209780,20140501,1
25209780,20141225,1
25209780,20150101,1
25209780,20150402,1
25209780,20161201,1
25209780,20161208,1
25209780,20170216,1
25209780,20170615,1
25209780,20171005,1
25209780,20180531,1
25209780,20181101,1
25209780,20190404,1
25209780,20190425,1
25209780,20190613,1
25209780,20190620,1
25209780,20200402,1
25209780,20120406,1
25209780,20121005,1
25209780,20130329,1
25209780,20131101,1
25209780,20140418,1
25209780,20140425,1
25209780,20140613,1
25209780,20140815,1
25209780,20150403,1
25209780,20150501,1
25209780,20151225,1
25209780,20160101,1
25209780,20160325,1
25209780,20160603,1
25209780,20160610,1
25209780,20171201,1
25209780,20171208,1
25209780,20180216,1
25209780,20180330,1
25209780,20180615,1
25209780,20181005,1
25209780,20191101,1
25209780,20200501,1
25209780,20201225,1
25209780,20121201,1
25209780,20121208,1
25209780,20130216,1
25209780,20131005,1
25209780,20150404,1
25209780,20150425,1
25209780,20150613,1
25209780,20151226,1
25209780,20160402,1
25209780,20170603,1
25209780,20170610,1
25209780,20181201,1
25209780,20181208,1
25209780,20190216,1
25209780,20191005,1
25209780,20200404,1
25209782,20111225,1
25209782,20120101,1
25209782,20120408,1
25209782,20120603,1
25209782,20120610,1
25209782,20131201,1
25209782,20131208,1
25209782,20151101,1
25209782,20151227,1
25209782,20160103,1
25209782,20160327,1
25209782,20160501,1
25209782,20161225,1
25209782,20170101,1
25209782,20170402,1
25209782,20180603,1
25209782,20180610,1
25209782,20191201,1
25209782,20191208,1
25209782,20200216,1
25209782,20201101,1
25209782,20120402,1
25209782,20130603,1
25209782,20130610,1
25209782,20141208,1
25209782,20150216,1
25209782,20151005,1
25209782,20160404,1
25209782,20160425,1
25209782,20160613,1
25209782,20160815,1
25209782,20170501,1
25209782,20171225,1
25209782,20180101,1
25209782,20180402,1
25209782,20190603,1
25209782,20190610,1
25209782,20201005,1
25209782,20111101,1
25209782,20120501,1
25209782,20121225,1
25209782,20130101,1
25209782,20130402,1
25209782,20140610,1
25209782,20151201,1
25209782,20151208,1
25209782,20160216,1
25209782,20161101,1
25209782,20170228,1
25209782,20170404,1
25209782,20170425,1
25209782,20170613,1
25209782,20180501,1
25209782,20181225,1
25209782,20190101,1
25209782,20190305,1
25209782,20190402,1
25209782,20201201,1
25209782,20201208,1
25209782,20111005,1
25209782,20120404,1
25209782,20120425,1
25209782,20120613,1
25209782,20120815,1
25209782,20130501,1
25209782,20131225,1
25209782,20140101,1
25209782,20150603,1
25209782,20150610,1
25209782,20161005,1
25209782,20171101,1
25209782,20180228,1
25209782,20180404,1
25209782,20180425,1
25209782,20180613,1
25209782,20180815,1
25209782,20190501,1
25209782,20191225,1
25209782,20200101,1
25209782,20200603,1
25209782,20200610,1
25209782,20111201,1
25209782,20111208,1
25209782,20120216,1
25209782,20120607,1
25209782,20121101,1
25209782,20130404,1
25209782,20130425,1
25209782,20130613,1
25209782,20130815,1
25209782,20140501,1
25209782,20141225,1
25209782,20150101,1
25209782,20150402,1
25209782,20161201,1
25209782,20161208,1
25209782,20170216,1
25209782,20170615,1
25209782,20171005,1
25209782,20180531,1
25209782,20181101,1
25209782,20190404,1
25209782,20190425,1
25209782,20190613,1
25209782,20190620,1
25209782,20200402,1
25209782,20120406,1
25209782,20121005,1
25209782,20130329,1
25209782,20131101,1
25209782,20140418,1
25209782,20140425,1
25209782,20140613,1
25209782,20140815,1
25209782,20150403,1
25209782,20150501,1
25209782,20151225,1
25209782,20160101,1
25209782,20160325,1
25209782,20160603,1
25209782,20160610,1
25209782,20171201,1
25209782,20171208,1
25209782,20180216,1
25209782,20180330,1
25209782,20180615,1
25209782,20181005,1
25209782,20191101,1
25209782,20200501,1
25209782,20201225,1
25209782,20121201,1
25209782,20121208,1
25209782,20130216,1
25209782,20131005,1
25209782,20150404,1
25209782,20150425,1
25209782,20150613,1
25209782,20151226,1
25209782,20160402,1
25209782,20170603,1
25209782,20170610,1
25209782,20181201,1
25209782,20181208,1
25209782,20190216,1
25209782,20191005,1
25209782,20200404,1
25209781,20111225,1
25209781,20120101,1
25209781,20120408,1
25209781,20120603,1
25209781,20120610,1
25209781,20131201,1
25209781,20131208,1
25209781,20151101,1
25209781,20151227,1
25209781,20160103,1
25209781,20160327,1
25209781,20160501,1
25209781,20161225,1
25209781,20170101,1
25209781,20170402,1
25209781,20180603,1
25209781,20180610,1
25209781,20191201,1
25209781,20191208,1
25209781,20200216,1
25209781,20201101,1
25209781,20120402,1
25209781,20130603,1
25209781,20130610,1
25209781,20141208,1
25209781,20150216,1
25209781,20151005,1
25209781,20160404,1
25209781,20160425,1
25209781,20160613,1
25209781,20160815,1
25209781,20170501,1
25209781,20171225,1
25209781,20180101,1
25209781,20180402,1
25209781,20190603,1
25209781,20190610,1
25209781,20201005,1
25209781,20111101,1
25209781,20120501,1
25209781,20121225,1
25209781,20130101,1
25209781,20130402,1
25209781,20140610,1
25209781,20151201,1
25209781,20151208,1
25209781,20160216,1
25209781,20161101,1
25209781,20170228,1
25209781,20170404,1
25209781,20170425,1
25209781,20170613,1
25209781,20180501,1
25209781,20181225,1
25209781,20190101,1
25209781,20190305,1
25209781,20190402,1
25209781,20201201,1
25209781,20201208,1
25209781,20111005,1
25209781,20120404,1
25209781,20120425,1
25209781,20120613,1
25209781,20120815,1
25209781,20130501,1
25209781,20131225,1
25209781,20140101,1
25209781,20150603,1
25209781,20150610,1
25209781,20161005,1
25209781,20171101,1
25209781,20180228,1
25209781,20180404,1
25209781,20180425,1
25209781,20180613,1
25209781,20180815,1
25209781,20190501,1
25209781,20191225,1
25209781,20200101,1
25209781,20200603,1
25209781,20200610,1
25209781,20111201,1
25209781,20111208,1
25209781,20120216,1
25209781,20120607,1
25209781,20121101,1
25209781,20130404,1
25209781,20130425,1
25209781,20130613,1
25209781,20130815,1
25209781,20140501,1
25209781,20141225,1
25209781,20150101,1
25209781,20150402,1
25209781,20161201,1
25209781,20161208,1
25209781,20170216,1
25209781,20170615,1
25209781,20171005,1
25209781,20180531,1
25209781,20181101,1
25209781,20190404,1
25209781,20190425,1
25209781,20190613,1
25209781,20190620,1
25209781,20200402,1
25209781,20120406,1
25209781,20121005,1
25209781,20130329,1
25209781,20131101,1
25209781,20140418,1
25209781,20140425,1
25209781,20140613,1
25209781,20140815,1
25209781,20150403,1
25209781,20150501,1
25209781,20151225,1
25209781,20160101,1
25209781,20160325,1
25209781,20160603,1
25209781,20160610,1
25209781,20171201,1
25209781,20171208,1
25209781,20180216,1
25209781,20180330,1
25209781,20180615,1
25209781,20181005,1
25209781,20191101,1
25209781,20200501,1
25209781,20201225,1
25209781,20121201,1
25209781,20121208,1
25209781,20130216,1
25209781,20131005,1
25209781,20150404,1
25209781,20150425,1
25209781,20150613,1
25209781,20151226,1
25209781,20160402,1
25209781,20170603,1
25209781,20170610,1
25209781,20181201,1
25209781,20181208,1
25209781,20190216,1
25209781,20191005,1
25209781,20200404,1
25209783,20111225,1
25209783,20120101,1
25209783,20120408,1
25209783,20120603,1
25209783,20120610,1
25209783,20131201,1
25209783,20131208,1
25209783,20151101,1
25209783,20151227,1
25209783,20160103,1
25209783,20160327,1
25209783,20160501,1
25209783,20161225,1
25209783,20170101,1
25209783,20170402,1
25209783,20180603,1
25209783,20180610,1
25209783,20191201,1
25209783,20191208,1
25209783,20200216,1
25209783,20201101,1
25209783,20120402,1
25209783,20130603,1
25209783,20130610,1
25209783,20141208,1
25209783,20150216,1
25209783,20151005,1
25209783,20160404,1
25209783,20160425,1
25209783,20160613,1
25209783,20160815,1
25209783,20170501,1
25209783,20171225,1
25209783,20180101,1
25209783,20180402,1
25209783,20190603,1
25209783,20190610,1
25209783,20201005,1
25209783,20111101,1
25209783,20120501,1
25209783,20121225,1
25209783,20130101,1
25209783,20130402,1
25209783,20140610,1
25209783,20151201,1
25209783,20151208,1
25209783,20160216,1
25209783,20161101,1
25209783,20170228,1
25209783,20170404,1
25209783,20170425,1
25209783,20170613,1
25209783,20180501,1
25209783,20181225,1
25209783,20190101,1
25209783,20190305,1
25209783,20190402,1
25209783,20201201,1
25209783,20201208,1
25209783,20111005,1
25209783,20120404,1
25209783,20120425,1
25209783,20120613,1
25209783,20120815,1
25209783,20130501,1
25209783,20131225,1
25209783,20140101,1
25209783,20150603,1
25209783,20150610,1
25209783,20161005,1
25209783,20171101,1
25209783,20180228,1
25209783,20180404,1
25209783,20180425,1
25209783,20180613,1
25209783,20180815,1
25209783,20190501,1
25209783,20191225,1
25209783,20200101,1
25209783,20200603,1
25209783,20200610,1
25209783,20111201,1
25209783,20111208,1
25209783,20120216,1
25209783,20120607,1
25209783,20121101,1
25209783,20130404,1
25209783,20130425,1
25209783,20130613,1
25209783,20130815,1
25209783,20140501,1
25209783,20141225,1
25209783,20150101,1
25209783,20150402,1
25209783,20161201,1
25209783,20161208,1
25209783,20170216,1
25209783,20170615,1
25209783,20171005,1
25209783,20180531,1
25209783,20181101,1
25209783,20190404,1
25209783,20190425,1
25209783,20190613,1
25209783,20190620,1
25209783,20200402,1
25209783,20120406,1
25209783,20121005,1
25209783,20130329,1
25209783,20131101,1
25209783,20140418,1
25209783,20140425,1
25209783,20140613,1
25209783,20140815,1
25209783,20150403,1
25209783,20150501,1
25209783,20151225,1
25209783,20160101,1
25209783,20160325,1
25209783,20160603,1
25209783,20160610,1
25209783,20171201,1
25209783,20171208,1
25209783,20180216,1
25209783,20180330,1
25209783,20180615,1
25209783,20181005,1
25209783,20191101,1
25209783,20200501,1
25209783,20201225,1
25209783,20121201,1
25209783,20121208,1
25209783,20130216,1
25209783,20131005,1
25209783,20150404,1
25209783,20150425,1
25209783,20150613,1
25209783,20151226,1
25209783,20160402,1
25209783,20170603,1
25209783,20170610,1
25209783,20181201,1
25209783,20181208,1
25209783,20190216,1
25209783,20191005,1
25209783,20200404,1
25209750,20111225,1
25209750,20120101,1
25209750,20120408,1
25209750,20120603,1
25209750,20120610,1
25209750,20131201,1
25209750,20131208,1
25209750,20151101,1
25209750,20151227,1
25209750,20160103,1
25209750,20160327,1
25209750,20160501,1
25209750,20161225,1
25209750,20170101,1
25209750,20170402,1
25209750,20180603,1
25209750,20180610,1
25209750,20191201,1
25209750,20191208,1
25209750,20200216,1
25209750,20201101,1
25209750,20120402,1
25209750,20130603,1
25209750,20130610,1
25209750,20141208,1
25209750,20150216,1
25209750,20151005,1
25209750,20160404,1
25209750,20160425,1
25209750,20160613,1
25209750,20160815,1
25209750,20170501,1
25209750,20171225,1
25209750,20180101,1
25209750,20180402,1
25209750,20190603,1
25209750,20190610,1
25209750,20201005,1
25209750,20111101,1
25209750,20120501,1
25209750,20121225,1
25209750,20130101,1
25209750,20130402,1
25209750,20140610,1
25209750,20151201,1
25209750,20151208,1
25209750,20160216,1
25209750,20161101,1
25209750,20170228,1
25209750,20170404,1
25209750,20170425,1
25209750,20170613,1
25209750,20180501,1
25209750,20181225,1
25209750,20190101,1
25209750,20190305,1
25209750,20190402,1
25209750,20201201,1
25209750,20201208,1
25209750,20111005,1
25209750,20120404,1
25209750,20120425,1
25209750,20120613,1
25209750,20120815,1
25209750,20130501,1
25209750,20131225,1
25209750,20140101,1
25209750,20150603,1
25209750,20150610,1
25209750,20161005,1
25209750,20171101,1
25209750,20180228,1
25209750,20180404,1
25209750,20180425,1
25209750,20180613,1
25209750,20180815,1
25209750,20190501,1
25209750,20191225,1
25209750,20200101,1
25209750,20200603,1
25209750,20200610,1
25209750,20111201,1
25209750,20111208,1
25209750,20120216,1
25209750,20120607,1
25209750,20121101,1
25209750,20130404,1
25209750,20130425,1
25209750,20130613,1
25209750,20130815,1
25209750,20140501,1
25209750,20141225,1
25209750,20150101,1
25209750,20150402,1
25209750,20161201,1
25209750,20161208,1
25209750,20170216,1
25209750,20170615,1
25209750,20171005,1
25209750,20180531,1
25209750,20181101,1
25209750,20190404,1
25209750,20190425,1
25209750,20190613,1
25209750,20190620,1
25209750,20200402,1
25209750,20120406,1
25209750,20121005,1
25209750,20130329,1
25209750,20131101,1
25209750,20140418,1
25209750,20140425,1
25209750,20140613,1
25209750,20140815,1
25209750,20150403,1
25209750,20150501,1
25209750,20151225,1
25209750,20160101,1
25209750,20160325,1
25209750,20160603,1
25209750,20160610,1
25209750,20171201,1
25209750,20171208,1
25209750,20180216,1
25209750,20180330,1
25209750,20180615,1
25209750,20181005,1
25209750,20191101,1
25209750,20200501,1
25209750,20201225,1
25209750,20121201,1
25209750,20121208,1
25209750,20130216,1
25209750,20131005,1
25209750,20150404,1
25209750,20150425,1
25209750,20150613,1
25209750,20151226,1
25209750,20160402,1
25209750,20170603,1
25209750,20170610,1
25209750,20181201,1
25209750,20181208,1
25209750,20190216,1
25209750,20191005,1
25209750,20200404,1
25209752,20111225,1
25209752,20120101,1
25209752,20120408,1
25209752,20120603,1
25209752,20120610,1
25209752,20131201,1
25209752,20131208,1
25209752,20151101,1
25209752,20151227,1
25209752,20160103,1
25209752,20160327,1
25209752,20160501,1
25209752,20161225,1
25209752,20170101,1
25209752,20170402,1
25209752,20180603,1
25209752,20180610,1
25209752,20191201,1
25209752,20191208,1
25209752,20200216,1
25209752,20201101,1
25209752,20120402,1
25209752,20130603,1
25209752,20130610,1
25209752,20141208,1
25209752,20150216,1
25209752,20151005,1
25209752,20160404,1
25209752,20160425,1
25209752,20160613,1
25209752,20160815,1
25209752,20170501,1
25209752,20171225,1
25209752,20180101,1
25209752,20180402,1
25209752,20190603,1
25209752,20190610,1
25209752,20201005,1
25209752,20111101,1
25209752,20120501,1
25209752,20121225,1
25209752,20130101,1
25209752,20130402,1
25209752,20140610,1
25209752,20151201,1
25209752,20151208,1
25209752,20160216,1
25209752,20161101,1
25209752,20170228,1
25209752,20170404,1
25209752,20170425,1
25209752,20170613,1
25209752,20180501,1
25209752,20181225,1
25209752,20190101,1
25209752,20190305,1
25209752,20190402,1
25209752,20201201,1
25209752,20201208,1
25209752,20111005,1
25209752,20120404,1
25209752,20120425,1
25209752,20120613,1
25209752,20120815,1
25209752,20130501,1
25209752,20131225,1
25209752,20140101,1
25209752,20150603,1
25209752,20150610,1
25209752,20161005,1
25209752,20171101,1
25209752,20180228,1
25209752,20180404,1
25209752,20180425,1
25209752,20180613,1
25209752,20180815,1
25209752,20190501,1
25209752,20191225,1
25209752,20200101,1
25209752,20200603,1
25209752,20200610,1
25209752,20111201,1
25209752,20111208,1
25209752,20120216,1
25209752,20120607,1
25209752,20121101,1
25209752,20130404,1
25209752,20130425,1
25209752,20130613,1
25209752,20130815,1
25209752,20140501,1
25209752,20141225,1
25209752,20150101,1
25209752,20150402,1
25209752,20161201,1
25209752,20161208,1
25209752,20170216,1
25209752,20170615,1
25209752,20171005,1
25209752,20180531,1
25209752,20181101,1
25209752,20190404,1
25209752,20190425,1
25209752,20190613,1
25209752,20190620,1
25209752,20200402,1
25209752,20120406,1
25209752,20121005,1
25209752,20130329,1
25209752,20131101,1
25209752,20140418,1
25209752,20140425,1
25209752,20140613,1
25209752,20140815,1
25209752,20150403,1
25209752,20150501,1
25209752,20151225,1
25209752,20160101,1
25209752,20160325,1
25209752,20160603,1
25209752,20160610,1
25209752,20171201,1
25209752,20171208,1
25209752,20180216,1
25209752,20180330,1
25209752,20180615,1
25209752,20181005,1
25209752,20191101,1
25209752,20200501,1
25209752,20201225,1
25209752,20121201,1
25209752,20121208,1
25209752,20130216,1
25209752,20131005,1
25209752,20150404,1
25209752,20150425,1
25209752,20150613,1
25209752,20151226,1
25209752,20160402,1
25209752,20170603,1
25209752,20170610,1
25209752,20181201,1
25209752,20181208,1
25209752,20190216,1
25209752,20191005,1
25209752,20200404,1
25209754,20111225,1
25209754,20120101,1
25209754,20120408,1
25209754,20120603,1
25209754,20120610,1
25209754,20131201,1
25209754,20131208,1
25209754,20151101,1
25209754,20151227,1
25209754,20160103,1
25209754,20160327,1
25209754,20160501,1
25209754,20161225,1
25209754,20170101,1
25209754,20170402,1
25209754,20180603,1
25209754,20180610,1
25209754,20191201,1
25209754,20191208,1
25209754,20200216,1
25209754,20201101,1
25209754,20120402,1
25209754,20130603,1
25209754,20130610,1
25209754,20141208,1
25209754,20150216,1
25209754,20151005,1
25209754,20160404,1
25209754,20160425,1
25209754,20160613,1
25209754,20160815,1
25209754,20170501,1
25209754,20171225,1
25209754,20180101,1
25209754,20180402,1
25209754,20190603,1
25209754,20190610,1
25209754,20201005,1
25209754,20111101,1
25209754,20120501,1
25209754,20121225,1
25209754,20130101,1
25209754,20130402,1
25209754,20140610,1
25209754,20151201,1
25209754,20151208,1
25209754,20160216,1
25209754,20161101,1
25209754,20170228,1
25209754,20170404,1
25209754,20170425,1
25209754,20170613,1
25209754,20180501,1
25209754,20181225,1
25209754,20190101,1
25209754,20190305,1
25209754,20190402,1
25209754,20201201,1
25209754,20201208,1
25209754,20111005,1
25209754,20120404,1
25209754,20120425,1
25209754,20120613,1
25209754,20120815,1
25209754,20130501,1
25209754,20131225,1
25209754,20140101,1
25209754,20150603,1
25209754,20150610,1
25209754,20161005,1
25209754,20171101,1
25209754,20180228,1
25209754,20180404,1
25209754,20180425,1
25209754,20180613,1
25209754,20180815,1
25209754,20190501,1
25209754,20191225,1
25209754,20200101,1
25209754,20200603,1
25209754,20200610,1
25209754,20111201,1
25209754,20111208,1
25209754,20120216,1
25209754,20120607,1
25209754,20121101,1
25209754,20130404,1
25209754,20130425,1
25209754,20130613,1
25209754,20130815,1
25209754,20140501,1
25209754,20141225,1
25209754,20150101,1
25209754,20150402,1
25209754,20161201,1
25209754,20161208,1
25209754,20170216,1
25209754,20170615,1
25209754,20171005,1
25209754,20180531,1
25209754,20181101,1
25209754,20190404,1
25209754,20190425,1
25209754,20190613,1
25209754,20190620,1
25209754,20200402,1
25209754,20120406,1
25209754,20121005,1
25209754,20130329,1
25209754,20131101,1
25209754,20140418,1
25209754,20140425,1
25209754,20140613,1
25209754,20140815,1
25209754,20150403,1
25209754,20150501,1
25209754,20151225,1
25209754,20160101,1
25209754,20160325,1
25209754,20160603,1
25209754,20160610,1
25209754,20171201,1
25209754,20171208,1
25209754,20180216,1
25209754,20180330,1
25209754,20180615,1
25209754,20181005,1
25209754,20191101,1
25209754,20200501,1
25209754,20201225,1
25209754,20121201,1
25209754,20121208,1
25209754,20130216,1
25209754,20131005,1
25209754,20150404,1
25209754,20150425,1
25209754,20150613,1
25209754,20151226,1
25209754,20160402,1
25209754,20170603,1
25209754,20170610,1
25209754,20181201,1
25209754,20181208,1
25209754,20190216,1
25209754,20191005,1
25209754,20200404,1
25209756,20111225,1
25209756,20120101,1
25209756,20120408,1
25209756,20120603,1
25209756,20120610,1
25209756,20131201,1
25209756,20131208,1
25209756,20151101,1
25209756,20151227,1
25209756,20160103,1
25209756,20160327,1
25209756,20160501,1
25209756,20161225,1
25209756,20170101,1
25209756,20170402,1
25209756,20180603,1
25209756,20180610,1
25209756,20191201,1
25209756,20191208,1
25209756,20200216,1
25209756,20201101,1
25209756,20120402,1
25209756,20130603,1
25209756,20130610,1
25209756,20141208,1
25209756,20150216,1
25209756,20151005,1
25209756,20160404,1
25209756,20160425,1
25209756,20160613,1
25209756,20160815,1
25209756,20170501,1
25209756,20171225,1
25209756,20180101,1
25209756,20180402,1
25209756,20190603,1
25209756,20190610,1
25209756,20201005,1
25209756,20111101,1
25209756,20120501,1
25209756,20121225,1
25209756,20130101,1
25209756,20130402,1
25209756,20140610,1
25209756,20151201,1
25209756,20151208,1
25209756,20160216,1
25209756,20161101,1
25209756,20170228,1
25209756,20170404,1
25209756,20170425,1
25209756,20170613,1
25209756,20180501,1
25209756,20181225,1
25209756,20190101,1
25209756,20190305,1
25209756,20190402,1
25209756,20201201,1
25209756,20201208,1
25209756,20111005,1
25209756,20120404,1
25209756,20120425,1
25209756,20120613,1
25209756,20120815,1
25209756,20130501,1
25209756,20131225,1
25209756,20140101,1
25209756,20150603,1
25209756,20150610,1
25209756,20161005,1
25209756,20171101,1
25209756,20180228,1
25209756,20180404,1
25209756,20180425,1
25209756,20180613,1
25209756,20180815,1
25209756,20190501,1
25209756,20191225,1
25209756,20200101,1
25209756,20200603,1
25209756,20200610,1
25209756,20111201,1
25209756,20111208,1
25209756,20120216,1
25209756,20120607,1
25209756,20121101,1
25209756,20130404,1
25209756,20130425,1
25209756,20130613,1
25209756,20130815,1
25209756,20140501,1
25209756,20141225,1
25209756,20150101,1
25209756,20150402,1
25209756,20161201,1
25209756,20161208,1
25209756,20170216,1
25209756,20170615,1
25209756,20171005,1
25209756,20180531,1
25209756,20181101,1
25209756,20190404,1
25209756,20190425,1
25209756,20190613,1
25209756,20190620,1
25209756,20200402,1
25209756,20120406,1
25209756,20121005,1
25209756,20130329,1
25209756,20131101,1
25209756,20140418,1
25209756,20140425,1
25209756,20140613,1
25209756,20140815,1
25209756,20150403,1
25209756,20150501,1
25209756,20151225,1
25209756,20160101,1
25209756,20160325,1
25209756,20160603,1
25209756,20160610,1
25209756,20171201,1
25209756,20171208,1
25209756,20180216,1
25209756,20180330,1
25209756,20180615,1
25209756,20181005,1
25209756,20191101,1
25209756,20200501,1
25209756,20201225,1
25209756,20121201,1
25209756,20121208,1
25209756,20130216,1
25209756,20131005,1
25209756,20150404,1
25209756,20150425,1
25209756,20150613,1
25209756,20151226,1
25209756,20160402,1
25209756,20170603,1
25209756,20170610,1
25209756,20181201,1
25209756,20181208,1
25209756,20190216,1
25209756,20191005,1
25209756,20200404,1
25209753,20111225,1
25209753,20120101,1
25209753,20120408,1
25209753,20120603,1
25209753,20120610,1
25209753,20131201,1
25209753,20131208,1
25209753,20151101,1
25209753,20151227,1
25209753,20160103,1
25209753,20160327,1
25209753,20160501,1
25209753,20161225,1
25209753,20170101,1
25209753,20170402,1
25209753,20180603,1
25209753,20180610,1
25209753,20191201,1
25209753,20191208,1
25209753,20200216,1
25209753,20201101,1
25209753,20120402,1
25209753,20130603,1
25209753,20130610,1
25209753,20141208,1
25209753,20150216,1
25209753,20151005,1
25209753,20160404,1
25209753,20160425,1
25209753,20160613,1
25209753,20160815,1
25209753,20170501,1
25209753,20171225,1
25209753,20180101,1
25209753,20180402,1
25209753,20190603,1
25209753,20190610,1
25209753,20201005,1
25209753,20111101,1
25209753,20120501,1
25209753,20121225,1
25209753,20130101,1
25209753,20130402,1
25209753,20140610,1
25209753,20151201,1
25209753,20151208,1
25209753,20160216,1
25209753,20161101,1
25209753,20170228,1
25209753,20170404,1
25209753,20170425,1
25209753,20170613,1
25209753,20180501,1
25209753,20181225,1
25209753,20190101,1
25209753,20190305,1
25209753,20190402,1
25209753,20201201,1
25209753,20201208,1
25209753,20111005,1
25209753,20120404,1
25209753,20120425,1
25209753,20120613,1
25209753,20120815,1
25209753,20130501,1
25209753,20131225,1
25209753,20140101,1
25209753,20150603,1
25209753,20150610,1
25209753,20161005,1
25209753,20171101,1
25209753,20180228,1
25209753,20180404,1
25209753,20180425,1
25209753,20180613,1
25209753,20180815,1
25209753,20190501,1
25209753,20191225,1
25209753,20200101,1
25209753,20200603,1
25209753,20200610,1
25209753,20111201,1
25209753,20111208,1
25209753,20120216,1
25209753,20120607,1
25209753,20121101,1
25209753,20130404,1
25209753,20130425,1
25209753,20130613,1
25209753,20130815,1
25209753,20140501,1
25209753,20141225,1
25209753,20150101,1
25209753,20150402,1
25209753,20161201,1
25209753,20161208,1
25209753,20170216,1
25209753,20170615,1
25209753,20171005,1
25209753,20180531,1
25209753,20181101,1
25209753,20190404,1
25209753,20190425,1
25209753,20190613,1
25209753,20190620,1
25209753,20200402,1
25209753,20120406,1
25209753,20121005,1
25209753,20130329,1
25209753,20131101,1
25209753,20140418,1
25209753,20140425,1
25209753,20140613,1
25209753,20140815,1
25209753,20150403,1
25209753,20150501,1
25209753,20151225,1
25209753,20160101,1
25209753,20160325,1
25209753,20160603,1
25209753,20160610,1
25209753,20171201,1
25209753,20171208,1
25209753,20180216,1
25209753,20180330,1
25209753,20180615,1
25209753,20181005,1
25209753,20191101,1
25209753,20200501,1
25209753,20201225,1
25209753,20121201,1
25209753,20121208,1
25209753,20130216,1
25209753,20131005,1
25209753,20150404,1
25209753,20150425,1
25209753,20150613,1
25209753,20151226,1
25209753,20160402,1
25209753,20170603,1
25209753,20170610,1
25209753,20181201,1
25209753,20181208,1
25209753,20190216,1
25209753,20191005,1
25209753,20200404,1
25209751,20111225,1
25209751,20120101,1
25209751,20120408,1
25209751,20120603,1
25209751,20120610,1
25209751,20131201,1
25209751,20131208,1
25209751,20151101,1
25209751,20151227,1
25209751,20160103,1
25209751,20160327,1
25209751,20160501,1
25209751,20161225,1
25209751,20170101,1
25209751,20170402,1
25209751,20180603,1
25209751,20180610,1
25209751,20191201,1
25209751,20191208,1
25209751,20200216,1
25209751,20201101,1
25209751,20120402,1
25209751,20130603,1
25209751,20130610,1
25209751,20141208,1
25209751,20150216,1
25209751,20151005,1
25209751,20160404,1
25209751,20160425,1
25209751,20160613,1
25209751,20160815,1
25209751,20170501,1
25209751,20171225,1
25209751,20180101,1
25209751,20180402,1
25209751,20190603,1
25209751,20190610,1
25209751,20201005,1
25209751,20111101,1
25209751,20120501,1
25209751,20121225,1
25209751,20130101,1
25209751,20130402,1
25209751,20140610,1
25209751,20151201,1
25209751,20151208,1
25209751,20160216,1
25209751,20161101,1
25209751,20170228,1
25209751,20170404,1
25209751,20170425,1
25209751,20170613,1
25209751,20180501,1
25209751,20181225,1
25209751,20190101,1
25209751,20190305,1
25209751,20190402,1
25209751,20201201,1
25209751,20201208,1
25209751,20111005,1
25209751,20120404,1
25209751,20120425,1
25209751,20120613,1
25209751,20120815,1
25209751,20130501,1
25209751,20131225,1
25209751,20140101,1
25209751,20150603,1
25209751,20150610,1
25209751,20161005,1
25209751,20171101,1
25209751,20180228,1
25209751,20180404,1
25209751,20180425,1
25209751,20180613,1
25209751,20180815,1
25209751,20190501,1
25209751,20191225,1
25209751,20200101,1
25209751,20200603,1
25209751,20200610,1
25209751,20111201,1
25209751,20111208,1
25209751,20120216,1
25209751,20120607,1
25209751,20121101,1
25209751,20130404,1
25209751,20130425,1
25209751,20130613,1
25209751,20130815,1
25209751,20140501,1
25209751,20141225,1
25209751,20150101,1
25209751,20150402,1
25209751,20161201,1
25209751,20161208,1
25209751,20170216,1
25209751,20170615,1
25209751,20171005,1
25209751,20180531,1
25209751,20181101,1
25209751,20190404,1
25209751,20190425,1
25209751,20190613,1
25209751,20190620,1
25209751,20200402,1
25209751,20120406,1
25209751,20121005,1
25209751,20130329,1
25209751,20131101,1
25209751,20140418,1
25209751,20140425,1
25209751,20140613,1
25209751,20140815,1
25209751,20150403,1
25209751,20150501,1
25209751,20151225,1
25209751,20160101,1
25209751,20160325,1
25209751,20160603,1
25209751,20160610,1
25209751,20171201,1
25209751,20171208,1
25209751,20180216,1
25209751,20180330,1
25209751,20180615,1
25209751,20181005,1
25209751,20191101,1
25209751,20200501,1
25209751,20201225,1
25209751,20121201,1
25209751,20121208,1
25209751,20130216,1
25209751,20131005,1
25209751,20150404,1
25209751,20150425,1
25209751,20150613,1
25209751,20151226,1
25209751,20160402,1
25209751,20170603,1
25209751,20170610,1
25209751,20181201,1
25209751,20181208,1
25209751,20190216,1
25209751,20191005,1
25209751,20200404,1
25209757,20111225,1
25209757,20120101,1
25209757,20120408,1
25209757,20120603,1
25209757,20120610,1
25209757,20131201,1
25209757,20131208,1
25209757,20151101,1
25209757,20151227,1
25209757,20160103,1
25209757,20160327,1
25209757,20160501,1
25209757,20161225,1
25209757,20170101,1
25209757,20170402,1
25209757,20180603,1
25209757,20180610,1
25209757,20191201,1
25209757,20191208,1
25209757,20200216,1
25209757,20201101,1
25209757,20120402,1
25209757,20130603,1
25209757,20130610,1
25209757,20141208,1
25209757,20150216,1
25209757,20151005,1
25209757,20160404,1
25209757,20160425,1
25209757,20160613,1
25209757,20160815,1
25209757,20170501,1
25209757,20171225,1
25209757,20180101,1
25209757,20180402,1
25209757,20190603,1
25209757,20190610,1
25209757,20201005,1
25209757,20111101,1
25209757,20120501,1
25209757,20121225,1
25209757,20130101,1
25209757,20130402,1
25209757,20140610,1
25209757,20151201,1
25209757,20151208,1
25209757,20160216,1
25209757,20161101,1
25209757,20170228,1
25209757,20170404,1
25209757,20170425,1
25209757,20170613,1
25209757,20180501,1
25209757,20181225,1
25209757,20190101,1
25209757,20190305,1
25209757,20190402,1
25209757,20201201,1
25209757,20201208,1
25209757,20111005,1
25209757,20120404,1
25209757,20120425,1
25209757,20120613,1
25209757,20120815,1
25209757,20130501,1
25209757,20131225,1
25209757,20140101,1
25209757,20150603,1
25209757,20150610,1
25209757,20161005,1
25209757,20171101,1
25209757,20180228,1
25209757,20180404,1
25209757,20180425,1
25209757,20180613,1
25209757,20180815,1
25209757,20190501,1
25209757,20191225,1
25209757,20200101,1
25209757,20200603,1
25209757,20200610,1
25209757,20111201,1
25209757,20111208,1
25209757,20120216,1
25209757,20120607,1
25209757,20121101,1
25209757,20130404,1
25209757,20130425,1
25209757,20130613,1
25209757,20130815,1
25209757,20140501,1
25209757,20141225,1
25209757,20150101,1
25209757,20150402,1
25209757,20161201,1
25209757,20161208,1
25209757,20170216,1
25209757,20170615,1
25209757,20171005,1
25209757,20180531,1
25209757,20181101,1
25209757,20190404,1
25209757,20190425,1
25209757,20190613,1
25209757,20190620,1
25209757,20200402,1
25209757,20120406,1
25209757,20121005,1
25209757,20130329,1
25209757,20131101,1
25209757,20140418,1
25209757,20140425,1
25209757,20140613,1
25209757,20140815,1
25209757,20150403,1
25209757,20150501,1
25209757,20151225,1
25209757,20160101,1
25209757,20160325,1
25209757,20160603,1
25209757,20160610,1
25209757,20171201,1
25209757,20171208,1
25209757,20180216,1
25209757,20180330,1
25209757,20180615,1
25209757,20181005,1
25209757,20191101,1
25209757,20200501,1
25209757,20201225,1
25209757,20121201,1
25209757,20121208,1
25209757,20130216,1
25209757,20131005,1
25209757,20150404,1
25209757,20150425,1
25209757,20150613,1
25209757,20151226,1
25209757,20160402,1
25209757,20170603,1
25209757,20170610,1
25209757,20181201,1
25209757,20181208,1
25209757,20190216,1
25209757,20191005,1
25209757,20200404,1
25209755,20111225,1
25209755,20120101,1
25209755,20120408,1
25209755,20120603,1
25209755,20120610,1
25209755,20131201,1
25209755,20131208,1
25209755,20151101,1
25209755,20151227,1
25209755,20160103,1
25209755,20160327,1
25209755,20160501,1
25209755,20161225,1
25209755,20170101,1
25209755,20170402,1
25209755,20180603,1
25209755,20180610,1
25209755,20191201,1
25209755,20191208,1
25209755,20200216,1
25209755,20201101,1
25209755,20120402,1
25209755,20130603,1
25209755,20130610,1
25209755,20141208,1
25209755,20150216,1
25209755,20151005,1
25209755,20160404,1
25209755,20160425,1
25209755,20160613,1
25209755,20160815,1
25209755,20170501,1
25209755,20171225,1
25209755,20180101,1
25209755,20180402,1
25209755,20190603,1
25209755,20190610,1
25209755,20201005,1
25209755,20111101,1
25209755,20120501,1
25209755,20121225,1
25209755,20130101,1
25209755,20130402,1
25209755,20140610,1
25209755,20151201,1
25209755,20151208,1
25209755,20160216,1
25209755,20161101,1
25209755,20170228,1
25209755,20170404,1
25209755,20170425,1
25209755,20170613,1
25209755,20180501,1
25209755,20181225,1
25209755,20190101,1
25209755,20190305,1
25209755,20190402,1
25209755,20201201,1
25209755,20201208,1
25209755,20111005,1
25209755,20120404,1
25209755,20120425,1
25209755,20120613,1
25209755,20120815,1
25209755,20130501,1
25209755,20131225,1
25209755,20140101,1
25209755,20150603,1
25209755,20150610,1
25209755,20161005,1
25209755,20171101,1
25209755,20180228,1
25209755,20180404,1
25209755,20180425,1
25209755,20180613,1
25209755,20180815,1
25209755,20190501,1
25209755,20191225,1
25209755,20200101,1
25209755,20200603,1
25209755,20200610,1
25209755,20111201,1
25209755,20111208,1
25209755,20120216,1
25209755,20120607,1
25209755,20121101,1
25209755,20130404,1
25209755,20130425,1
25209755,20130613,1
25209755,20130815,1
25209755,20140501,1
25209755,20141225,1
25209755,20150101,1
25209755,20150402,1
25209755,20161201,1
25209755,20161208,1
25209755,20170216,1
25209755,20170615,1
25209755,20171005,1
25209755,20180531,1
25209755,20181101,1
25209755,20190404,1
25209755,20190425,1
25209755,20190613,1
25209755,20190620,1
25209755,20200402,1
25209755,20120406,1
25209755,20121005,1
25209755,20130329,1
25209755,20131101,1
25209755,20140418,1
25209755,20140425,1
25209755,20140613,1
25209755,20140815,1
25209755,20150403,1
25209755,20150501,1
25209755,20151225,1
25209755,20160101,1
25209755,20160325,1
25209755,20160603,1
25209755,20160610,1
25209755,20171201,1
25209755,20171208,1
25209755,20180216,1
25209755,20180330,1
25209755,20180615,1
25209755,20181005,1
25209755,20191101,1
25209755,20200501,1
25209755,20201225,1
25209755,20121201,1
25209755,20121208,1
25209755,20130216,1
25209755,20131005,1
25209755,20150404,1
25209755,20150425,1
25209755,20150613,1
25209755,20151226,1
25209755,20160402,1
25209755,20170603,1
25209755,20170610,1
25209755,20181201,1
25209755,20181208,1
25209755,20190216,1
25209755,20191005,1
25209755,20200404,1
25209806,20111225,1
25209806,20120101,1
25209806,20120408,1
25209806,20120603,1
25209806,20120610,1
25209806,20131201,1
25209806,20131208,1
25209806,20151101,1
25209806,20151227,1
25209806,20160103,1
25209806,20160327,1
25209806,20160501,1
25209806,20161225,1
25209806,20170101,1
25209806,20170402,1
25209806,20180603,1
25209806,20180610,1
25209806,20191201,1
25209806,20191208,1
25209806,20200216,1
25209806,20201101,1
25209806,20120402,1
25209806,20130603,1
25209806,20130610,1
25209806,20141208,1
25209806,20150216,1
25209806,20151005,1
25209806,20160404,1
25209806,20160425,1
25209806,20160613,1
25209806,20160815,1
25209806,20170501,1
25209806,20171225,1
25209806,20180101,1
25209806,20180402,1
25209806,20190603,1
25209806,20190610,1
25209806,20201005,1
25209806,20111101,1
25209806,20120501,1
25209806,20121225,1
25209806,20130101,1
25209806,20130402,1
25209806,20140610,1
25209806,20151201,1
25209806,20151208,1
25209806,20160216,1
25209806,20161101,1
25209806,20170228,1
25209806,20170404,1
25209806,20170425,1
25209806,20170613,1
25209806,20180501,1
25209806,20181225,1
25209806,20190101,1
25209806,20190305,1
25209806,20190402,1
25209806,20201201,1
25209806,20201208,1
25209806,20111005,1
25209806,20120404,1
25209806,20120425,1
25209806,20120613,1
25209806,20120815,1
25209806,20130501,1
25209806,20131225,1
25209806,20140101,1
25209806,20150603,1
25209806,20150610,1
25209806,20161005,1
25209806,20171101,1
25209806,20180228,1
25209806,20180404,1
25209806,20180425,1
25209806,20180613,1
25209806,20180815,1
25209806,20190501,1
25209806,20191225,1
25209806,20200101,1
25209806,20200603,1
25209806,20200610,1
25209806,20111201,1
25209806,20111208,1
25209806,20120216,1
25209806,20120607,1
25209806,20121101,1
25209806,20130404,1
25209806,20130425,1
25209806,20130613,1
25209806,20130815,1
25209806,20140501,1
25209806,20141225,1
25209806,20150101,1
25209806,20150402,1
25209806,20161201,1
25209806,20161208,1
25209806,20170216,1
25209806,20170615,1
25209806,20171005,1
25209806,20180531,1
25209806,20181101,1
25209806,20190404,1
25209806,20190425,1
25209806,20190613,1
25209806,20190620,1
25209806,20200402,1
25209806,20120406,1
25209806,20121005,1
25209806,20130329,1
25209806,20131101,1
25209806,20140418,1
25209806,20140425,1
25209806,20140613,1
25209806,20140815,1
25209806,20150403,1
25209806,20150501,1
25209806,20151225,1
25209806,20160101,1
25209806,20160325,1
25209806,20160603,1
25209806,20160610,1
25209806,20171201,1
25209806,20171208,1
25209806,20180216,1
25209806,20180330,1
25209806,20180615,1
25209806,20181005,1
25209806,20191101,1
25209806,20200501,1
25209806,20201225,1
25209806,20121201,1
25209806,20121208,1
25209806,20130216,1
25209806,20131005,1
25209806,20150404,1
25209806,20150425,1
25209806,20150613,1
25209806,20151226,1
25209806,20160402,1
25209806,20170603,1
25209806,20170610,1
25209806,20181201,1
25209806,20181208,1
25209806,20190216,1
25209806,20191005,1
25209806,20200404,1
25209808,20111225,1
25209808,20120101,1
25209808,20120408,1
25209808,20120603,1
25209808,20120610,1
25209808,20131201,1
25209808,20131208,1
25209808,20151101,1
25209808,20151227,1
25209808,20160103,1
25209808,20160327,1
25209808,20160501,1
25209808,20161225,1
25209808,20170101,1
25209808,20170402,1
25209808,20180603,1
25209808,20180610,1
25209808,20191201,1
25209808,20191208,1
25209808,20200216,1
25209808,20201101,1
25209808,20120402,1
25209808,20130603,1
25209808,20130610,1
25209808,20141208,1
25209808,20150216,1
25209808,20151005,1
25209808,20160404,1
25209808,20160425,1
25209808,20160613,1
25209808,20160815,1
25209808,20170501,1
25209808,20171225,1
25209808,20180101,1
25209808,20180402,1
25209808,20190603,1
25209808,20190610,1
25209808,20201005,1
25209808,20111101,1
25209808,20120501,1
25209808,20121225,1
25209808,20130101,1
25209808,20130402,1
25209808,20140610,1
25209808,20151201,1
25209808,20151208,1
25209808,20160216,1
25209808,20161101,1
25209808,20170228,1
25209808,20170404,1
25209808,20170425,1
25209808,20170613,1
25209808,20180501,1
25209808,20181225,1
25209808,20190101,1
25209808,20190305,1
25209808,20190402,1
25209808,20201201,1
25209808,20201208,1
25209808,20111005,1
25209808,20120404,1
25209808,20120425,1
25209808,20120613,1
25209808,20120815,1
25209808,20130501,1
25209808,20131225,1
25209808,20140101,1
25209808,20150603,1
25209808,20150610,1
25209808,20161005,1
25209808,20171101,1
25209808,20180228,1
25209808,20180404,1
25209808,20180425,1
25209808,20180613,1
25209808,20180815,1
25209808,20190501,1
25209808,20191225,1
25209808,20200101,1
25209808,20200603,1
25209808,20200610,1
25209808,20111201,1
25209808,20111208,1
25209808,20120216,1
25209808,20120607,1
25209808,20121101,1
25209808,20130404,1
25209808,20130425,1
25209808,20130613,1
25209808,20130815,1
25209808,20140501,1
25209808,20141225,1
25209808,20150101,1
25209808,20150402,1
25209808,20161201,1
25209808,20161208,1
25209808,20170216,1
25209808,20170615,1
25209808,20171005,1
25209808,20180531,1
25209808,20181101,1
25209808,20190404,1
25209808,20190425,1
25209808,20190613,1
25209808,20190620,1
25209808,20200402,1
25209808,20120406,1
25209808,20121005,1
25209808,20130329,1
25209808,20131101,1
25209808,20140418,1
25209808,20140425,1
25209808,20140613,1
25209808,20140815,1
25209808,20150403,1
25209808,20150501,1
25209808,20151225,1
25209808,20160101,1
25209808,20160325,1
25209808,20160603,1
25209808,20160610,1
25209808,20171201,1
25209808,20171208,1
25209808,20180216,1
25209808,20180330,1
25209808,20180615,1
25209808,20181005,1
25209808,20191101,1
25209808,20200501,1
25209808,20201225,1
25209808,20121201,1
25209808,20121208,1
25209808,20130216,1
25209808,20131005,1
25209808,20150404,1
25209808,20150425,1
25209808,20150613,1
25209808,20151226,1
25209808,20160402,1
25209808,20170603,1
25209808,20170610,1
25209808,20181201,1
25209808,20181208,1
25209808,20190216,1
25209808,20191005,1
25209808,20200404,1
25209810,20111225,1
25209810,20120101,1
25209810,20120408,1
25209810,20120603,1
25209810,20120610,1
25209810,20131201,1
25209810,20131208,1
25209810,20151101,1
25209810,20151227,1
25209810,20160103,1
25209810,20160327,1
25209810,20160501,1
25209810,20161225,1
25209810,20170101,1
25209810,20170402,1
25209810,20180603,1
25209810,20180610,1
25209810,20191201,1
25209810,20191208,1
25209810,20200216,1
25209810,20201101,1
25209810,20120402,1
25209810,20130603,1
25209810,20130610,1
25209810,20141208,1
25209810,20150216,1
25209810,20151005,1
25209810,20160404,1
25209810,20160425,1
25209810,20160613,1
25209810,20160815,1
25209810,20170501,1
25209810,20171225,1
25209810,20180101,1
25209810,20180402,1
25209810,20190603,1
25209810,20190610,1
25209810,20201005,1
25209810,20111101,1
25209810,20120501,1
25209810,20121225,1
25209810,20130101,1
25209810,20130402,1
25209810,20140610,1
25209810,20151201,1
25209810,20151208,1
25209810,20160216,1
25209810,20161101,1
25209810,20170228,1
25209810,20170404,1
25209810,20170425,1
25209810,20170613,1
25209810,20180501,1
25209810,20181225,1
25209810,20190101,1
25209810,20190305,1
25209810,20190402,1
25209810,20201201,1
25209810,20201208,1
25209810,20111005,1
25209810,20120404,1
25209810,20120425,1
25209810,20120613,1
25209810,20120815,1
25209810,20130501,1
25209810,20131225,1
25209810,20140101,1
25209810,20150603,1
25209810,20150610,1
25209810,20161005,1
25209810,20171101,1
25209810,20180228,1
25209810,20180404,1
25209810,20180425,1
25209810,20180613,1
25209810,20180815,1
25209810,20190501,1
25209810,20191225,1
25209810,20200101,1
25209810,20200603,1
25209810,20200610,1
25209810,20111201,1
25209810,20111208,1
25209810,20120216,1
25209810,20120607,1
25209810,20121101,1
25209810,20130404,1
25209810,20130425,1
25209810,20130613,1
25209810,20130815,1
25209810,20140501,1
25209810,20141225,1
25209810,20150101,1
25209810,20150402,1
25209810,20161201,1
25209810,20161208,1
25209810,20170216,1
25209810,20170615,1
25209810,20171005,1
25209810,20180531,1
25209810,20181101,1
25209810,20190404,1
25209810,20190425,1
25209810,20190613,1
25209810,20190620,1
25209810,20200402,1
25209810,20120406,1
25209810,20121005,1
25209810,20130329,1
25209810,20131101,1
25209810,20140418,1
25209810,20140425,1
25209810,20140613,1
25209810,20140815,1
25209810,20150403,1
25209810,20150501,1
25209810,20151225,1
25209810,20160101,1
25209810,20160325,1
25209810,20160603,1
25209810,20160610,1
25209810,20171201,1
25209810,20171208,1
25209810,20180216,1
25209810,20180330,1
25209810,20180615,1
25209810,20181005,1
25209810,20191101,1
25209810,20200501,1
25209810,20201225,1
25209810,20121201,1
25209810,20121208,1
25209810,20130216,1
25209810,20131005,1
25209810,20150404,1
25209810,20150425,1
25209810,20150613,1
25209810,20151226,1
25209810,20160402,1
25209810,20170603,1
25209810,20170610,1
25209810,20181201,1
25209810,20181208,1
25209810,20190216,1
25209810,20191005,1
25209810,20200404,1
25209812,20111225,1
25209812,20120101,1
25209812,20120408,1
25209812,20120603,1
25209812,20120610,1
25209812,20131201,1
25209812,20131208,1
25209812,20151101,1
25209812,20151227,1
25209812,20160103,1
25209812,20160327,1
25209812,20160501,1
25209812,20161225,1
25209812,20170101,1
25209812,20170402,1
25209812,20180603,1
25209812,20180610,1
25209812,20191201,1
25209812,20191208,1
25209812,20200216,1
25209812,20201101,1
25209812,20120402,1
25209812,20130603,1
25209812,20130610,1
25209812,20141208,1
25209812,20150216,1
25209812,20151005,1
25209812,20160404,1
25209812,20160425,1
25209812,20160613,1
25209812,20160815,1
25209812,20170501,1
25209812,20171225,1
25209812,20180101,1
25209812,20180402,1
25209812,20190603,1
25209812,20190610,1
25209812,20201005,1
25209812,20111101,1
25209812,20120501,1
25209812,20121225,1
25209812,20130101,1
25209812,20130402,1
25209812,20140610,1
25209812,20151201,1
25209812,20151208,1
25209812,20160216,1
25209812,20161101,1
25209812,20170228,1
25209812,20170404,1
25209812,20170425,1
25209812,20170613,1
25209812,20180501,1
25209812,20181225,1
25209812,20190101,1
25209812,20190305,1
25209812,20190402,1
25209812,20201201,1
25209812,20201208,1
25209812,20111005,1
25209812,20120404,1
25209812,20120425,1
25209812,20120613,1
25209812,20120815,1
25209812,20130501,1
25209812,20131225,1
25209812,20140101,1
25209812,20150603,1
25209812,20150610,1
25209812,20161005,1
25209812,20171101,1
25209812,20180228,1
25209812,20180404,1
25209812,20180425,1
25209812,20180613,1
25209812,20180815,1
25209812,20190501,1
25209812,20191225,1
25209812,20200101,1
25209812,20200603,1
25209812,20200610,1
25209812,20111201,1
25209812,20111208,1
25209812,20120216,1
25209812,20120607,1
25209812,20121101,1
25209812,20130404,1
25209812,20130425,1
25209812,20130613,1
25209812,20130815,1
25209812,20140501,1
25209812,20141225,1
25209812,20150101,1
25209812,20150402,1
25209812,20161201,1
25209812,20161208,1
25209812,20170216,1
25209812,20170615,1
25209812,20171005,1
25209812,20180531,1
25209812,20181101,1
25209812,20190404,1
25209812,20190425,1
25209812,20190613,1
25209812,20190620,1
25209812,20200402,1
25209812,20120406,1
25209812,20121005,1
25209812,20130329,1
25209812,20131101,1
25209812,20140418,1
25209812,20140425,1
25209812,20140613,1
25209812,20140815,1
25209812,20150403,1
25209812,20150501,1
25209812,20151225,1
25209812,20160101,1
25209812,20160325,1
25209812,20160603,1
25209812,20160610,1
25209812,20171201,1
25209812,20171208,1
25209812,20180216,1
25209812,20180330,1
25209812,20180615,1
25209812,20181005,1
25209812,20191101,1
25209812,20200501,1
25209812,20201225,1
25209812,20121201,1
25209812,20121208,1
25209812,20130216,1
25209812,20131005,1
25209812,20150404,1
25209812,20150425,1
25209812,20150613,1
25209812,20151226,1
25209812,20160402,1
25209812,20170603,1
25209812,20170610,1
25209812,20181201,1
25209812,20181208,1
25209812,20190216,1
25209812,20191005,1
25209812,20200404,1
25209809,20111225,1
25209809,20120101,1
25209809,20120408,1
25209809,20120603,1
25209809,20120610,1
25209809,20131201,1
25209809,20131208,1
25209809,20151101,1
25209809,20151227,1
25209809,20160103,1
25209809,20160327,1
25209809,20160501,1
25209809,20161225,1
25209809,20170101,1
25209809,20170402,1
25209809,20180603,1
25209809,20180610,1
25209809,20191201,1
25209809,20191208,1
25209809,20200216,1
25209809,20201101,1
25209809,20120402,1
25209809,20130603,1
25209809,20130610,1
25209809,20141208,1
25209809,20150216,1
25209809,20151005,1
25209809,20160404,1
25209809,20160425,1
25209809,20160613,1
25209809,20160815,1
25209809,20170501,1
25209809,20171225,1
25209809,20180101,1
25209809,20180402,1
25209809,20190603,1
25209809,20190610,1
25209809,20201005,1
25209809,20111101,1
25209809,20120501,1
25209809,20121225,1
25209809,20130101,1
25209809,20130402,1
25209809,20140610,1
25209809,20151201,1
25209809,20151208,1
25209809,20160216,1
25209809,20161101,1
25209809,20170228,1
25209809,20170404,1
25209809,20170425,1
25209809,20170613,1
25209809,20180501,1
25209809,20181225,1
25209809,20190101,1
25209809,20190305,1
25209809,20190402,1
25209809,20201201,1
25209809,20201208,1
25209809,20111005,1
25209809,20120404,1
25209809,20120425,1
25209809,20120613,1
25209809,20120815,1
25209809,20130501,1
25209809,20131225,1
25209809,20140101,1
25209809,20150603,1
25209809,20150610,1
25209809,20161005,1
25209809,20171101,1
25209809,20180228,1
25209809,20180404,1
25209809,20180425,1
25209809,20180613,1
25209809,20180815,1
25209809,20190501,1
25209809,20191225,1
25209809,20200101,1
25209809,20200603,1
25209809,20200610,1
25209809,20111201,1
25209809,20111208,1
25209809,20120216,1
25209809,20120607,1
25209809,20121101,1
25209809,20130404,1
25209809,20130425,1
25209809,20130613,1
25209809,20130815,1
25209809,20140501,1
25209809,20141225,1
25209809,20150101,1
25209809,20150402,1
25209809,20161201,1
25209809,20161208,1
25209809,20170216,1
25209809,20170615,1
25209809,20171005,1
25209809,20180531,1
25209809,20181101,1
25209809,20190404,1
25209809,20190425,1
25209809,20190613,1
25209809,20190620,1
25209809,20200402,1
25209809,20120406,1
25209809,20121005,1
25209809,20130329,1
25209809,20131101,1
25209809,20140418,1
25209809,20140425,1
25209809,20140613,1
25209809,20140815,1
25209809,20150403,1
25209809,20150501,1
25209809,20151225,1
25209809,20160101,1
25209809,20160325,1
25209809,20160603,1
25209809,20160610,1
25209809,20171201,1
25209809,20171208,1
25209809,20180216,1
25209809,20180330,1
25209809,20180615,1
25209809,20181005,1
25209809,20191101,1
25209809,20200501,1
25209809,20201225,1
25209809,20121201,1
25209809,20121208,1
25209809,20130216,1
25209809,20131005,1
25209809,20150404,1
25209809,20150425,1
25209809,20150613,1
25209809,20151226,1
25209809,20160402,1
25209809,20170603,1
25209809,20170610,1
25209809,20181201,1
25209809,20181208,1
25209809,20190216,1
25209809,20191005,1
25209809,20200404,1
25209807,20111225,1
25209807,20120101,1
25209807,20120408,1
25209807,20120603,1
25209807,20120610,1
25209807,20131201,1
25209807,20131208,1
25209807,20151101,1
25209807,20151227,1
25209807,20160103,1
25209807,20160327,1
25209807,20160501,1
25209807,20161225,1
25209807,20170101,1
25209807,20170402,1
25209807,20180603,1
25209807,20180610,1
25209807,20191201,1
25209807,20191208,1
25209807,20200216,1
25209807,20201101,1
25209807,20120402,1
25209807,20130603,1
25209807,20130610,1
25209807,20141208,1
25209807,20150216,1
25209807,20151005,1
25209807,20160404,1
25209807,20160425,1
25209807,20160613,1
25209807,20160815,1
25209807,20170501,1
25209807,20171225,1
25209807,20180101,1
25209807,20180402,1
25209807,20190603,1
25209807,20190610,1
25209807,20201005,1
25209807,20111101,1
25209807,20120501,1
25209807,20121225,1
25209807,20130101,1
25209807,20130402,1
25209807,20140610,1
25209807,20151201,1
25209807,20151208,1
25209807,20160216,1
25209807,20161101,1
25209807,20170228,1
25209807,20170404,1
25209807,20170425,1
25209807,20170613,1
25209807,20180501,1
25209807,20181225,1
25209807,20190101,1
25209807,20190305,1
25209807,20190402,1
25209807,20201201,1
25209807,20201208,1
25209807,20111005,1
25209807,20120404,1
25209807,20120425,1
25209807,20120613,1
25209807,20120815,1
25209807,20130501,1
25209807,20131225,1
25209807,20140101,1
25209807,20150603,1
25209807,20150610,1
25209807,20161005,1
25209807,20171101,1
25209807,20180228,1
25209807,20180404,1
25209807,20180425,1
25209807,20180613,1
25209807,20180815,1
25209807,20190501,1
25209807,20191225,1
25209807,20200101,1
25209807,20200603,1
25209807,20200610,1
25209807,20111201,1
25209807,20111208,1
25209807,20120216,1
25209807,20120607,1
25209807,20121101,1
25209807,20130404,1
25209807,20130425,1
25209807,20130613,1
25209807,20130815,1
25209807,20140501,1
25209807,20141225,1
25209807,20150101,1
25209807,20150402,1
25209807,20161201,1
25209807,20161208,1
25209807,20170216,1
25209807,20170615,1
25209807,20171005,1
25209807,20180531,1
25209807,20181101,1
25209807,20190404,1
25209807,20190425,1
25209807,20190613,1
25209807,20190620,1
25209807,20200402,1
25209807,20120406,1
25209807,20121005,1
25209807,20130329,1
25209807,20131101,1
25209807,20140418,1
25209807,20140425,1
25209807,20140613,1
25209807,20140815,1
25209807,20150403,1
25209807,20150501,1
25209807,20151225,1
25209807,20160101,1
25209807,20160325,1
25209807,20160603,1
25209807,20160610,1
25209807,20171201,1
25209807,20171208,1
25209807,20180216,1
25209807,20180330,1
25209807,20180615,1
25209807,20181005,1
25209807,20191101,1
25209807,20200501,1
25209807,20201225,1
25209807,20121201,1
25209807,20121208,1
25209807,20130216,1
25209807,20131005,1
25209807,20150404,1
25209807,20150425,1
25209807,20150613,1
25209807,20151226,1
25209807,20160402,1
25209807,20170603,1
25209807,20170610,1
25209807,20181201,1
25209807,20181208,1
25209807,20190216,1
25209807,20191005,1
25209807,20200404,1
25209813,20111225,1
25209813,20120101,1
25209813,20120408,1
25209813,20120603,1
25209813,20120610,1
25209813,20131201,1
25209813,20131208,1
25209813,20151101,1
25209813,20151227,1
25209813,20160103,1
25209813,20160327,1
25209813,20160501,1
25209813,20161225,1
25209813,20170101,1
25209813,20170402,1
25209813,20180603,1
25209813,20180610,1
25209813,20191201,1
25209813,20191208,1
25209813,20200216,1
25209813,20201101,1
25209813,20120402,1
25209813,20130603,1
25209813,20130610,1
25209813,20141208,1
25209813,20150216,1
25209813,20151005,1
25209813,20160404,1
25209813,20160425,1
25209813,20160613,1
25209813,20160815,1
25209813,20170501,1
25209813,20171225,1
25209813,20180101,1
25209813,20180402,1
25209813,20190603,1
25209813,20190610,1
25209813,20201005,1
25209813,20111101,1
25209813,20120501,1
25209813,20121225,1
25209813,20130101,1
25209813,20130402,1
25209813,20140610,1
25209813,20151201,1
25209813,20151208,1
25209813,20160216,1
25209813,20161101,1
25209813,20170228,1
25209813,20170404,1
25209813,20170425,1
25209813,20170613,1
25209813,20180501,1
25209813,20181225,1
25209813,20190101,1
25209813,20190305,1
25209813,20190402,1
25209813,20201201,1
25209813,20201208,1
25209813,20111005,1
25209813,20120404,1
25209813,20120425,1
25209813,20120613,1
25209813,20120815,1
25209813,20130501,1
25209813,20131225,1
25209813,20140101,1
25209813,20150603,1
25209813,20150610,1
25209813,20161005,1
25209813,20171101,1
25209813,20180228,1
25209813,20180404,1
25209813,20180425,1
25209813,20180613,1
25209813,20180815,1
25209813,20190501,1
25209813,20191225,1
25209813,20200101,1
25209813,20200603,1
25209813,20200610,1
25209813,20111201,1
25209813,20111208,1
25209813,20120216,1
25209813,20120607,1
25209813,20121101,1
25209813,20130404,1
25209813,20130425,1
25209813,20130613,1
25209813,20130815,1
25209813,20140501,1
25209813,20141225,1
25209813,20150101,1
25209813,20150402,1
25209813,20161201,1
25209813,20161208,1
25209813,20170216,1
25209813,20170615,1
25209813,20171005,1
25209813,20180531,1
25209813,20181101,1
25209813,20190404,1
25209813,20190425,1
25209813,20190613,1
25209813,20190620,1
25209813,20200402,1
25209813,20120406,1
25209813,20121005,1
25209813,20130329,1
25209813,20131101,1
25209813,20140418,1
25209813,20140425,1
25209813,20140613,1
25209813,20140815,1
25209813,20150403,1
25209813,20150501,1
25209813,20151225,1
25209813,20160101,1
25209813,20160325,1
25209813,20160603,1
25209813,20160610,1
25209813,20171201,1
25209813,20171208,1
25209813,20180216,1
25209813,20180330,1
25209813,20180615,1
25209813,20181005,1
25209813,20191101,1
25209813,20200501,1
25209813,20201225,1
25209813,20121201,1
25209813,20121208,1
25209813,20130216,1
25209813,20131005,1
25209813,20150404,1
25209813,20150425,1
25209813,20150613,1
25209813,20151226,1
25209813,20160402,1
25209813,20170603,1
25209813,20170610,1
25209813,20181201,1
25209813,20181208,1
25209813,20190216,1
25209813,20191005,1
25209813,20200404,1
25209811,20111225,1
25209811,20120101,1
25209811,20120408,1
25209811,20120603,1
25209811,20120610,1
25209811,20131201,1
25209811,20131208,1
25209811,20151101,1
25209811,20151227,1
25209811,20160103,1
25209811,20160327,1
25209811,20160501,1
25209811,20161225,1
25209811,20170101,1
25209811,20170402,1
25209811,20180603,1
25209811,20180610,1
25209811,20191201,1
25209811,20191208,1
25209811,20200216,1
25209811,20201101,1
25209811,20120402,1
25209811,20130603,1
25209811,20130610,1
25209811,20141208,1
25209811,20150216,1
25209811,20151005,1
25209811,20160404,1
25209811,20160425,1
25209811,20160613,1
25209811,20160815,1
25209811,20170501,1
25209811,20171225,1
25209811,20180101,1
25209811,20180402,1
25209811,20190603,1
25209811,20190610,1
25209811,20201005,1
25209811,20111101,1
25209811,20120501,1
25209811,20121225,1
25209811,20130101,1
25209811,20130402,1
25209811,20140610,1
25209811,20151201,1
25209811,20151208,1
25209811,20160216,1
25209811,20161101,1
25209811,20170228,1
25209811,20170404,1
25209811,20170425,1
25209811,20170613,1
25209811,20180501,1
25209811,20181225,1
25209811,20190101,1
25209811,20190305,1
25209811,20190402,1
25209811,20201201,1
25209811,20201208,1
25209811,20111005,1
25209811,20120404,1
25209811,20120425,1
25209811,20120613,1
25209811,20120815,1
25209811,20130501,1
25209811,20131225,1
25209811,20140101,1
25209811,20150603,1
25209811,20150610,1
25209811,20161005,1
25209811,20171101,1
25209811,20180228,1
25209811,20180404,1
25209811,20180425,1
25209811,20180613,1
25209811,20180815,1
25209811,20190501,1
25209811,20191225,1
25209811,20200101,1
25209811,20200603,1
25209811,20200610,1
25209811,20111201,1
25209811,20111208,1
25209811,20120216,1
25209811,20120607,1
25209811,20121101,1
25209811,20130404,1
25209811,20130425,1
25209811,20130613,1
25209811,20130815,1
25209811,20140501,1
25209811,20141225,1
25209811,20150101,1
25209811,20150402,1
25209811,20161201,1
25209811,20161208,1
25209811,20170216,1
25209811,20170615,1
25209811,20171005,1
25209811,20180531,1
25209811,20181101,1
25209811,20190404,1
25209811,20190425,1
25209811,20190613,1
25209811,20190620,1
25209811,20200402,1
25209811,20120406,1
25209811,20121005,1
25209811,20130329,1
25209811,20131101,1
25209811,20140418,1
25209811,20140425,1
25209811,20140613,1
25209811,20140815,1
25209811,20150403,1
25209811,20150501,1
25209811,20151225,1
25209811,20160101,1
25209811,20160325,1
25209811,20160603,1
25209811,20160610,1
25209811,20171201,1
25209811,20171208,1
25209811,20180216,1
25209811,20180330,1
25209811,20180615,1
25209811,20181005,1
25209811,20191101,1
25209811,20200501,1
25209811,20201225,1
25209811,20121201,1
25209811,20121208,1
25209811,20130216,1
25209811,20131005,1
25209811,20150404,1
25209811,20150425,1
25209811,20150613,1
25209811,20151226,1
25209811,20160402,1
25209811,20170603,1
25209811,20170610,1
25209811,20181201,1
25209811,20181208,1
25209811,20190216,1
25209811,20191005,1
25209811,20200404,1
23473078,20111225,1
23473078,20120101,1
23473078,20120408,1
23473078,20120603,1
23473078,20120610,1
23473078,20131201,1
23473078,20131208,1
23473078,20151101,1
23473078,20151227,1
23473078,20160103,1
23473078,20160327,1
23473078,20160501,1
23473078,20161225,1
23473078,20170101,1
23473078,20170402,1
23473078,20180603,1
23473078,20180610,1
23473078,20191201,1
23473078,20191208,1
23473078,20200216,1
23473078,20201101,1
23473078,20120402,1
23473078,20130603,1
23473078,20130610,1
23473078,20141208,1
23473078,20150216,1
23473078,20151005,1
23473078,20160404,1
23473078,20160425,1
23473078,20160613,1
23473078,20160815,1
23473078,20170501,1
23473078,20171225,1
23473078,20180101,1
23473078,20180402,1
23473078,20190603,1
23473078,20190610,1
23473078,20201005,1
23473078,20111101,1
23473078,20120501,1
23473078,20121225,1
23473078,20130101,1
23473078,20130402,1
23473078,20140610,1
23473078,20151201,1
23473078,20151208,1
23473078,20160216,1
23473078,20161101,1
23473078,20170228,1
23473078,20170404,1
23473078,20170425,1
23473078,20170613,1
23473078,20180501,1
23473078,20181225,1
23473078,20190101,1
23473078,20190305,1
23473078,20190402,1
23473078,20201201,1
23473078,20201208,1
23473078,20111005,1
23473078,20120404,1
23473078,20120425,1
23473078,20120613,1
23473078,20120815,1
23473078,20130501,1
23473078,20131225,1
23473078,20140101,1
23473078,20150603,1
23473078,20150610,1
23473078,20161005,1
23473078,20171101,1
23473078,20180228,1
23473078,20180404,1
23473078,20180425,1
23473078,20180613,1
23473078,20180815,1
23473078,20190501,1
23473078,20191225,1
23473078,20200101,1
23473078,20200603,1
23473078,20200610,1
23473078,20111201,1
23473078,20111208,1
23473078,20120216,1
23473078,20120607,1
23473078,20121101,1
23473078,20130404,1
23473078,20130425,1
23473078,20130613,1
23473078,20130815,1
23473078,20140501,1
23473078,20141225,1
23473078,20150101,1
23473078,20150402,1
23473078,20161201,1
23473078,20161208,1
23473078,20170216,1
23473078,20170615,1
23473078,20171005,1
23473078,20180531,1
23473078,20181101,1
23473078,20190404,1
23473078,20190425,1
23473078,20190613,1
23473078,20190620,1
23473078,20200402,1
23473078,20120406,1
23473078,20121005,1
23473078,20130329,1
23473078,20131101,1
23473078,20140418,1
23473078,20140425,1
23473078,20140613,1
23473078,20140815,1
23473078,20150403,1
23473078,20150501,1
23473078,20151225,1
23473078,20160101,1
23473078,20160325,1
23473078,20160603,1
23473078,20160610,1
23473078,20171201,1
23473078,20171208,1
23473078,20180216,1
23473078,20180330,1
23473078,20180615,1
23473078,20181005,1
23473078,20191101,1
23473078,20200501,1
23473078,20201225,1
23473078,20121201,1
23473078,20121208,1
23473078,20130216,1
23473078,20131005,1
23473078,20150404,1
23473078,20150425,1
23473078,20150613,1
23473078,20151226,1
23473078,20160402,1
23473078,20170603,1
23473078,20170610,1
23473078,20181201,1
23473078,20181208,1
23473078,20190216,1
23473078,20191005,1
23473078,20200404,1
23473080,20111225,1
23473080,20120101,1
23473080,20120408,1
23473080,20120603,1
23473080,20120610,1
23473080,20131201,1
23473080,20131208,1
23473080,20151101,1
23473080,20151227,1
23473080,20160103,1
23473080,20160327,1
23473080,20160501,1
23473080,20161225,1
23473080,20170101,1
23473080,20170402,1
23473080,20180603,1
23473080,20180610,1
23473080,20191201,1
23473080,20191208,1
23473080,20200216,1
23473080,20201101,1
23473080,20120402,1
23473080,20130603,1
23473080,20130610,1
23473080,20141208,1
23473080,20150216,1
23473080,20151005,1
23473080,20160404,1
23473080,20160425,1
23473080,20160613,1
23473080,20160815,1
23473080,20170501,1
23473080,20171225,1
23473080,20180101,1
23473080,20180402,1
23473080,20190603,1
23473080,20190610,1
23473080,20201005,1
23473080,20111101,1
23473080,20120501,1
23473080,20121225,1
23473080,20130101,1
23473080,20130402,1
23473080,20140610,1
23473080,20151201,1
23473080,20151208,1
23473080,20160216,1
23473080,20161101,1
23473080,20170228,1
23473080,20170404,1
23473080,20170425,1
23473080,20170613,1
23473080,20180501,1
23473080,20181225,1
23473080,20190101,1
23473080,20190305,1
23473080,20190402,1
23473080,20201201,1
23473080,20201208,1
23473080,20111005,1
23473080,20120404,1
23473080,20120425,1
23473080,20120613,1
23473080,20120815,1
23473080,20130501,1
23473080,20131225,1
23473080,20140101,1
23473080,20150603,1
23473080,20150610,1
23473080,20161005,1
23473080,20171101,1
23473080,20180228,1
23473080,20180404,1
23473080,20180425,1
23473080,20180613,1
23473080,20180815,1
23473080,20190501,1
23473080,20191225,1
23473080,20200101,1
23473080,20200603,1
23473080,20200610,1
23473080,20111201,1
23473080,20111208,1
23473080,20120216,1
23473080,20120607,1
23473080,20121101,1
23473080,20130404,1
23473080,20130425,1
23473080,20130613,1
23473080,20130815,1
23473080,20140501,1
23473080,20141225,1
23473080,20150101,1
23473080,20150402,1
23473080,20161201,1
23473080,20161208,1
23473080,20170216,1
23473080,20170615,1
23473080,20171005,1
23473080,20180531,1
23473080,20181101,1
23473080,20190404,1
23473080,20190425,1
23473080,20190613,1
23473080,20190620,1
23473080,20200402,1
23473080,20120406,1
23473080,20121005,1
23473080,20130329,1
23473080,20131101,1
23473080,20140418,1
23473080,20140425,1
23473080,20140613,1
23473080,20140815,1
23473080,20150403,1
23473080,20150501,1
23473080,20151225,1
23473080,20160101,1
23473080,20160325,1
23473080,20160603,1
23473080,20160610,1
23473080,20171201,1
23473080,20171208,1
23473080,20180216,1
23473080,20180330,1
23473080,20180615,1
23473080,20181005,1
23473080,20191101,1
23473080,20200501,1
23473080,20201225,1
23473080,20121201,1
23473080,20121208,1
23473080,20130216,1
23473080,20131005,1
23473080,20150404,1
23473080,20150425,1
23473080,20150613,1
23473080,20151226,1
23473080,20160402,1
23473080,20170603,1
23473080,20170610,1
23473080,20181201,1
23473080,20181208,1
23473080,20190216,1
23473080,20191005,1
23473080,20200404,1
23473082,20111225,1
23473082,20120101,1
23473082,20120408,1
23473082,20120603,1
23473082,20120610,1
23473082,20131201,1
23473082,20131208,1
23473082,20151101,1
23473082,20151227,1
23473082,20160103,1
23473082,20160327,1
23473082,20160501,1
23473082,20161225,1
23473082,20170101,1
23473082,20170402,1
23473082,20180603,1
23473082,20180610,1
23473082,20191201,1
23473082,20191208,1
23473082,20200216,1
23473082,20201101,1
23473082,20120402,1
23473082,20130603,1
23473082,20130610,1
23473082,20141208,1
23473082,20150216,1
23473082,20151005,1
23473082,20160404,1
23473082,20160425,1
23473082,20160613,1
23473082,20160815,1
23473082,20170501,1
23473082,20171225,1
23473082,20180101,1
23473082,20180402,1
23473082,20190603,1
23473082,20190610,1
23473082,20201005,1
23473082,20111101,1
23473082,20120501,1
23473082,20121225,1
23473082,20130101,1
23473082,20130402,1
23473082,20140610,1
23473082,20151201,1
23473082,20151208,1
23473082,20160216,1
23473082,20161101,1
23473082,20170228,1
23473082,20170404,1
23473082,20170425,1
23473082,20170613,1
23473082,20180501,1
23473082,20181225,1
23473082,20190101,1
23473082,20190305,1
23473082,20190402,1
23473082,20201201,1
23473082,20201208,1
23473082,20111005,1
23473082,20120404,1
23473082,20120425,1
23473082,20120613,1
23473082,20120815,1
23473082,20130501,1
23473082,20131225,1
23473082,20140101,1
23473082,20150603,1
23473082,20150610,1
23473082,20161005,1
23473082,20171101,1
23473082,20180228,1
23473082,20180404,1
23473082,20180425,1
23473082,20180613,1
23473082,20180815,1
23473082,20190501,1
23473082,20191225,1
23473082,20200101,1
23473082,20200603,1
23473082,20200610,1
23473082,20111201,1
23473082,20111208,1
23473082,20120216,1
23473082,20120607,1
23473082,20121101,1
23473082,20130404,1
23473082,20130425,1
23473082,20130613,1
23473082,20130815,1
23473082,20140501,1
23473082,20141225,1
23473082,20150101,1
23473082,20150402,1
23473082,20161201,1
23473082,20161208,1
23473082,20170216,1
23473082,20170615,1
23473082,20171005,1
23473082,20180531,1
23473082,20181101,1
23473082,20190404,1
23473082,20190425,1
23473082,20190613,1
23473082,20190620,1
23473082,20200402,1
23473082,20120406,1
23473082,20121005,1
23473082,20130329,1
23473082,20131101,1
23473082,20140418,1
23473082,20140425,1
23473082,20140613,1
23473082,20140815,1
23473082,20150403,1
23473082,20150501,1
23473082,20151225,1
23473082,20160101,1
23473082,20160325,1
23473082,20160603,1
23473082,20160610,1
23473082,20171201,1
23473082,20171208,1
23473082,20180216,1
23473082,20180330,1
23473082,20180615,1
23473082,20181005,1
23473082,20191101,1
23473082,20200501,1
23473082,20201225,1
23473082,20121201,1
23473082,20121208,1
23473082,20130216,1
23473082,20131005,1
23473082,20150404,1
23473082,20150425,1
23473082,20150613,1
23473082,20151226,1
23473082,20160402,1
23473082,20170603,1
23473082,20170610,1
23473082,20181201,1
23473082,20181208,1
23473082,20190216,1
23473082,20191005,1
23473082,20200404,1
23473084,20111225,1
23473084,20120101,1
23473084,20120408,1
23473084,20120603,1
23473084,20120610,1
23473084,20131201,1
23473084,20131208,1
23473084,20151101,1
23473084,20151227,1
23473084,20160103,1
23473084,20160327,1
23473084,20160501,1
23473084,20161225,1
23473084,20170101,1
23473084,20170402,1
23473084,20180603,1
23473084,20180610,1
23473084,20191201,1
23473084,20191208,1
23473084,20200216,1
23473084,20201101,1
23473084,20120402,1
23473084,20130603,1
23473084,20130610,1
23473084,20141208,1
23473084,20150216,1
23473084,20151005,1
23473084,20160404,1
23473084,20160425,1
23473084,20160613,1
23473084,20160815,1
23473084,20170501,1
23473084,20171225,1
23473084,20180101,1
23473084,20180402,1
23473084,20190603,1
23473084,20190610,1
23473084,20201005,1
23473084,20111101,1
23473084,20120501,1
23473084,20121225,1
23473084,20130101,1
23473084,20130402,1
23473084,20140610,1
23473084,20151201,1
23473084,20151208,1
23473084,20160216,1
23473084,20161101,1
23473084,20170228,1
23473084,20170404,1
23473084,20170425,1
23473084,20170613,1
23473084,20180501,1
23473084,20181225,1
23473084,20190101,1
23473084,20190305,1
23473084,20190402,1
23473084,20201201,1
23473084,20201208,1
23473084,20111005,1
23473084,20120404,1
23473084,20120425,1
23473084,20120613,1
23473084,20120815,1
23473084,20130501,1
23473084,20131225,1
23473084,20140101,1
23473084,20150603,1
23473084,20150610,1
23473084,20161005,1
23473084,20171101,1
23473084,20180228,1
23473084,20180404,1
23473084,20180425,1
23473084,20180613,1
23473084,20180815,1
23473084,20190501,1
23473084,20191225,1
23473084,20200101,1
23473084,20200603,1
23473084,20200610,1
23473084,20111201,1
23473084,20111208,1
23473084,20120216,1
23473084,20120607,1
23473084,20121101,1
23473084,20130404,1
23473084,20130425,1
23473084,20130613,1
23473084,20130815,1
23473084,20140501,1
23473084,20141225,1
23473084,20150101,1
23473084,20150402,1
23473084,20161201,1
23473084,20161208,1
23473084,20170216,1
23473084,20170615,1
23473084,20171005,1
23473084,20180531,1
23473084,20181101,1
23473084,20190404,1
23473084,20190425,1
23473084,20190613,1
23473084,20190620,1
23473084,20200402,1
23473084,20120406,1
23473084,20121005,1
23473084,20130329,1
23473084,20131101,1
23473084,20140418,1
23473084,20140425,1
23473084,20140613,1
23473084,20140815,1
23473084,20150403,1
23473084,20150501,1
23473084,20151225,1
23473084,20160101,1
23473084,20160325,1
23473084,20160603,1
23473084,20160610,1
23473084,20171201,1
23473084,20171208,1
23473084,20180216,1
23473084,20180330,1
23473084,20180615,1
23473084,20181005,1
23473084,20191101,1
23473084,20200501,1
23473084,20201225,1
23473084,20121201,1
23473084,20121208,1
23473084,20130216,1
23473084,20131005,1
23473084,20150404,1
23473084,20150425,1
23473084,20150613,1
23473084,20151226,1
23473084,20160402,1
23473084,20170603,1
23473084,20170610,1
23473084,20181201,1
23473084,20181208,1
23473084,20190216,1
23473084,20191005,1
23473084,20200404,1
23473086,20111225,1
23473086,20120101,1
23473086,20120408,1
23473086,20120603,1
23473086,20120610,1
23473086,20131201,1
23473086,20131208,1
23473086,20151101,1
23473086,20151227,1
23473086,20160103,1
23473086,20160327,1
23473086,20160501,1
23473086,20161225,1
23473086,20170101,1
23473086,20170402,1
23473086,20180603,1
23473086,20180610,1
23473086,20191201,1
23473086,20191208,1
23473086,20200216,1
23473086,20201101,1
23473086,20120402,1
23473086,20130603,1
23473086,20130610,1
23473086,20141208,1
23473086,20150216,1
23473086,20151005,1
23473086,20160404,1
23473086,20160425,1
23473086,20160613,1
23473086,20160815,1
23473086,20170501,1
23473086,20171225,1
23473086,20180101,1
23473086,20180402,1
23473086,20190603,1
23473086,20190610,1
23473086,20201005,1
23473086,20111101,1
23473086,20120501,1
23473086,20121225,1
23473086,20130101,1
23473086,20130402,1
23473086,20140610,1
23473086,20151201,1
23473086,20151208,1
23473086,20160216,1
23473086,20161101,1
23473086,20170228,1
23473086,20170404,1
23473086,20170425,1
23473086,20170613,1
23473086,20180501,1
23473086,20181225,1
23473086,20190101,1
23473086,20190305,1
23473086,20190402,1
23473086,20201201,1
23473086,20201208,1
23473086,20111005,1
23473086,20120404,1
23473086,20120425,1
23473086,20120613,1
23473086,20120815,1
23473086,20130501,1
23473086,20131225,1
23473086,20140101,1
23473086,20150603,1
23473086,20150610,1
23473086,20161005,1
23473086,20171101,1
23473086,20180228,1
23473086,20180404,1
23473086,20180425,1
23473086,20180613,1
23473086,20180815,1
23473086,20190501,1
23473086,20191225,1
23473086,20200101,1
23473086,20200603,1
23473086,20200610,1
23473086,20111201,1
23473086,20111208,1
23473086,20120216,1
23473086,20120607,1
23473086,20121101,1
23473086,20130404,1
23473086,20130425,1
23473086,20130613,1
23473086,20130815,1
23473086,20140501,1
23473086,20141225,1
23473086,20150101,1
23473086,20150402,1
23473086,20161201,1
23473086,20161208,1
23473086,20170216,1
23473086,20170615,1
23473086,20171005,1
23473086,20180531,1
23473086,20181101,1
23473086,20190404,1
23473086,20190425,1
23473086,20190613,1
23473086,20190620,1
23473086,20200402,1
23473086,20120406,1
23473086,20121005,1
23473086,20130329,1
23473086,20131101,1
23473086,20140418,1
23473086,20140425,1
23473086,20140613,1
23473086,20140815,1
23473086,20150403,1
23473086,20150501,1
23473086,20151225,1
23473086,20160101,1
23473086,20160325,1
23473086,20160603,1
23473086,20160610,1
23473086,20171201,1
23473086,20171208,1
23473086,20180216,1
23473086,20180330,1
23473086,20180615,1
23473086,20181005,1
23473086,20191101,1
23473086,20200501,1
23473086,20201225,1
23473086,20121201,1
23473086,20121208,1
23473086,20130216,1
23473086,20131005,1
23473086,20150404,1
23473086,20150425,1
23473086,20150613,1
23473086,20151226,1
23473086,20160402,1
23473086,20170603,1
23473086,20170610,1
23473086,20181201,1
23473086,20181208,1
23473086,20190216,1
23473086,20191005,1
23473086,20200404,1
23473079,20111225,1
23473079,20120101,1
23473079,20120408,1
23473079,20120603,1
23473079,20120610,1
23473079,20131201,1
23473079,20131208,1
23473079,20151101,1
23473079,20151227,1
23473079,20160103,1
23473079,20160327,1
23473079,20160501,1
23473079,20161225,1
23473079,20170101,1
23473079,20170402,1
23473079,20180603,1
23473079,20180610,1
23473079,20191201,1
23473079,20191208,1
23473079,20200216,1
23473079,20201101,1
23473079,20120402,1
23473079,20130603,1
23473079,20130610,1
23473079,20141208,1
23473079,20150216,1
23473079,20151005,1
23473079,20160404,1
23473079,20160425,1
23473079,20160613,1
23473079,20160815,1
23473079,20170501,1
23473079,20171225,1
23473079,20180101,1
23473079,20180402,1
23473079,20190603,1
23473079,20190610,1
23473079,20201005,1
23473079,20111101,1
23473079,20120501,1
23473079,20121225,1
23473079,20130101,1
23473079,20130402,1
23473079,20140610,1
23473079,20151201,1
23473079,20151208,1
23473079,20160216,1
23473079,20161101,1
23473079,20170228,1
23473079,20170404,1
23473079,20170425,1
23473079,20170613,1
23473079,20180501,1
23473079,20181225,1
23473079,20190101,1
23473079,20190305,1
23473079,20190402,1
23473079,20201201,1
23473079,20201208,1
23473079,20111005,1
23473079,20120404,1
23473079,20120425,1
23473079,20120613,1
23473079,20120815,1
23473079,20130501,1
23473079,20131225,1
23473079,20140101,1
23473079,20150603,1
23473079,20150610,1
23473079,20161005,1
23473079,20171101,1
23473079,20180228,1
23473079,20180404,1
23473079,20180425,1
23473079,20180613,1
23473079,20180815,1
23473079,20190501,1
23473079,20191225,1
23473079,20200101,1
23473079,20200603,1
23473079,20200610,1
23473079,20111201,1
23473079,20111208,1
23473079,20120216,1
23473079,20120607,1
23473079,20121101,1
23473079,20130404,1
23473079,20130425,1
23473079,20130613,1
23473079,20130815,1
23473079,20140501,1
23473079,20141225,1
23473079,20150101,1
23473079,20150402,1
23473079,20161201,1
23473079,20161208,1
23473079,20170216,1
23473079,20170615,1
23473079,20171005,1
23473079,20180531,1
23473079,20181101,1
23473079,20190404,1
23473079,20190425,1
23473079,20190613,1
23473079,20190620,1
23473079,20200402,1
23473079,20120406,1
23473079,20121005,1
23473079,20130329,1
23473079,20131101,1
23473079,20140418,1
23473079,20140425,1
23473079,20140613,1
23473079,20140815,1
23473079,20150403,1
23473079,20150501,1
23473079,20151225,1
23473079,20160101,1
23473079,20160325,1
23473079,20160603,1
23473079,20160610,1
23473079,20171201,1
23473079,20171208,1
23473079,20180216,1
23473079,20180330,1
23473079,20180615,1
23473079,20181005,1
23473079,20191101,1
23473079,20200501,1
23473079,20201225,1
23473079,20121201,1
23473079,20121208,1
23473079,20130216,1
23473079,20131005,1
23473079,20150404,1
23473079,20150425,1
23473079,20150613,1
23473079,20151226,1
23473079,20160402,1
23473079,20170603,1
23473079,20170610,1
23473079,20181201,1
23473079,20181208,1
23473079,20190216,1
23473079,20191005,1
23473079,20200404,1
23473083,20111225,1
23473083,20120101,1
23473083,20120408,1
23473083,20120603,1
23473083,20120610,1
23473083,20131201,1
23473083,20131208,1
23473083,20151101,1
23473083,20151227,1
23473083,20160103,1
23473083,20160327,1
23473083,20160501,1
23473083,20161225,1
23473083,20170101,1
23473083,20170402,1
23473083,20180603,1
23473083,20180610,1
23473083,20191201,1
23473083,20191208,1
23473083,20200216,1
23473083,20201101,1
23473083,20120402,1
23473083,20130603,1
23473083,20130610,1
23473083,20141208,1
23473083,20150216,1
23473083,20151005,1
23473083,20160404,1
23473083,20160425,1
23473083,20160613,1
23473083,20160815,1
23473083,20170501,1
23473083,20171225,1
23473083,20180101,1
23473083,20180402,1
23473083,20190603,1
23473083,20190610,1
23473083,20201005,1
23473083,20111101,1
23473083,20120501,1
23473083,20121225,1
23473083,20130101,1
23473083,20130402,1
23473083,20140610,1
23473083,20151201,1
23473083,20151208,1
23473083,20160216,1
23473083,20161101,1
23473083,20170228,1
23473083,20170404,1
23473083,20170425,1
23473083,20170613,1
23473083,20180501,1
23473083,20181225,1
23473083,20190101,1
23473083,20190305,1
23473083,20190402,1
23473083,20201201,1
23473083,20201208,1
23473083,20111005,1
23473083,20120404,1
23473083,20120425,1
23473083,20120613,1
23473083,20120815,1
23473083,20130501,1
23473083,20131225,1
23473083,20140101,1
23473083,20150603,1
23473083,20150610,1
23473083,20161005,1
23473083,20171101,1
23473083,20180228,1
23473083,20180404,1
23473083,20180425,1
23473083,20180613,1
23473083,20180815,1
23473083,20190501,1
23473083,20191225,1
23473083,20200101,1
23473083,20200603,1
23473083,20200610,1
23473083,20111201,1
23473083,20111208,1
23473083,20120216,1
23473083,20120607,1
23473083,20121101,1
23473083,20130404,1
23473083,20130425,1
23473083,20130613,1
23473083,20130815,1
23473083,20140501,1
23473083,20141225,1
23473083,20150101,1
23473083,20150402,1
23473083,20161201,1
23473083,20161208,1
23473083,20170216,1
23473083,20170615,1
23473083,20171005,1
23473083,20180531,1
23473083,20181101,1
23473083,20190404,1
23473083,20190425,1
23473083,20190613,1
23473083,20190620,1
23473083,20200402,1
23473083,20120406,1
23473083,20121005,1
23473083,20130329,1
23473083,20131101,1
23473083,20140418,1
23473083,20140425,1
23473083,20140613,1
23473083,20140815,1
23473083,20150403,1
23473083,20150501,1
23473083,20151225,1
23473083,20160101,1
23473083,20160325,1
23473083,20160603,1
23473083,20160610,1
23473083,20171201,1
23473083,20171208,1
23473083,20180216,1
23473083,20180330,1
23473083,20180615,1
23473083,20181005,1
23473083,20191101,1
23473083,20200501,1
23473083,20201225,1
23473083,20121201,1
23473083,20121208,1
23473083,20130216,1
23473083,20131005,1
23473083,20150404,1
23473083,20150425,1
23473083,20150613,1
23473083,20151226,1
23473083,20160402,1
23473083,20170603,1
23473083,20170610,1
23473083,20181201,1
23473083,20181208,1
23473083,20190216,1
23473083,20191005,1
23473083,20200404,1
23473081,20111225,1
23473081,20120101,1
23473081,20120408,1
23473081,20120603,1
23473081,20120610,1
23473081,20131201,1
23473081,20131208,1
23473081,20151101,1
23473081,20151227,1
23473081,20160103,1
23473081,20160327,1
23473081,20160501,1
23473081,20161225,1
23473081,20170101,1
23473081,20170402,1
23473081,20180603,1
23473081,20180610,1
23473081,20191201,1
23473081,20191208,1
23473081,20200216,1
23473081,20201101,1
23473081,20120402,1
23473081,20130603,1
23473081,20130610,1
23473081,20141208,1
23473081,20150216,1
23473081,20151005,1
23473081,20160404,1
23473081,20160425,1
23473081,20160613,1
23473081,20160815,1
23473081,20170501,1
23473081,20171225,1
23473081,20180101,1
23473081,20180402,1
23473081,20190603,1
23473081,20190610,1
23473081,20201005,1
23473081,20111101,1
23473081,20120501,1
23473081,20121225,1
23473081,20130101,1
23473081,20130402,1
23473081,20140610,1
23473081,20151201,1
23473081,20151208,1
23473081,20160216,1
23473081,20161101,1
23473081,20170228,1
23473081,20170404,1
23473081,20170425,1
23473081,20170613,1
23473081,20180501,1
23473081,20181225,1
23473081,20190101,1
23473081,20190305,1
23473081,20190402,1
23473081,20201201,1
23473081,20201208,1
23473081,20111005,1
23473081,20120404,1
23473081,20120425,1
23473081,20120613,1
23473081,20120815,1
23473081,20130501,1
23473081,20131225,1
23473081,20140101,1
23473081,20150603,1
23473081,20150610,1
23473081,20161005,1
23473081,20171101,1
23473081,20180228,1
23473081,20180404,1
23473081,20180425,1
23473081,20180613,1
23473081,20180815,1
23473081,20190501,1
23473081,20191225,1
23473081,20200101,1
23473081,20200603,1
23473081,20200610,1
23473081,20111201,1
23473081,20111208,1
23473081,20120216,1
23473081,20120607,1
23473081,20121101,1
23473081,20130404,1
23473081,20130425,1
23473081,20130613,1
23473081,20130815,1
23473081,20140501,1
23473081,20141225,1
23473081,20150101,1
23473081,20150402,1
23473081,20161201,1
23473081,20161208,1
23473081,20170216,1
23473081,20170615,1
23473081,20171005,1
23473081,20180531,1
23473081,20181101,1
23473081,20190404,1
23473081,20190425,1
23473081,20190613,1
23473081,20190620,1
23473081,20200402,1
23473081,20120406,1
23473081,20121005,1
23473081,20130329,1
23473081,20131101,1
23473081,20140418,1
23473081,20140425,1
23473081,20140613,1
23473081,20140815,1
23473081,20150403,1
23473081,20150501,1
23473081,20151225,1
23473081,20160101,1
23473081,20160325,1
23473081,20160603,1
23473081,20160610,1
23473081,20171201,1
23473081,20171208,1
23473081,20180216,1
23473081,20180330,1
23473081,20180615,1
23473081,20181005,1
23473081,20191101,1
23473081,20200501,1
23473081,20201225,1
23473081,20121201,1
23473081,20121208,1
23473081,20130216,1
23473081,20131005,1
23473081,20150404,1
23473081,20150425,1
23473081,20150613,1
23473081,20151226,1
23473081,20160402,1
23473081,20170603,1
23473081,20170610,1
23473081,20181201,1
23473081,20181208,1
23473081,20190216,1
23473081,20191005,1
23473081,20200404,1
23473087,20111225,1
23473087,20120101,1
23473087,20120408,1
23473087,20120603,1
23473087,20120610,1
23473087,20131201,1
23473087,20131208,1
23473087,20151101,1
23473087,20151227,1
23473087,20160103,1
23473087,20160327,1
23473087,20160501,1
23473087,20161225,1
23473087,20170101,1
23473087,20170402,1
23473087,20180603,1
23473087,20180610,1
23473087,20191201,1
23473087,20191208,1
23473087,20200216,1
23473087,20201101,1
23473087,20120402,1
23473087,20130603,1
23473087,20130610,1
23473087,20141208,1
23473087,20150216,1
23473087,20151005,1
23473087,20160404,1
23473087,20160425,1
23473087,20160613,1
23473087,20160815,1
23473087,20170501,1
23473087,20171225,1
23473087,20180101,1
23473087,20180402,1
23473087,20190603,1
23473087,20190610,1
23473087,20201005,1
23473087,20111101,1
23473087,20120501,1
23473087,20121225,1
23473087,20130101,1
23473087,20130402,1
23473087,20140610,1
23473087,20151201,1
23473087,20151208,1
23473087,20160216,1
23473087,20161101,1
23473087,20170228,1
23473087,20170404,1
23473087,20170425,1
23473087,20170613,1
23473087,20180501,1
23473087,20181225,1
23473087,20190101,1
23473087,20190305,1
23473087,20190402,1
23473087,20201201,1
23473087,20201208,1
23473087,20111005,1
23473087,20120404,1
23473087,20120425,1
23473087,20120613,1
23473087,20120815,1
23473087,20130501,1
23473087,20131225,1
23473087,20140101,1
23473087,20150603,1
23473087,20150610,1
23473087,20161005,1
23473087,20171101,1
23473087,20180228,1
23473087,20180404,1
23473087,20180425,1
23473087,20180613,1
23473087,20180815,1
23473087,20190501,1
23473087,20191225,1
23473087,20200101,1
23473087,20200603,1
23473087,20200610,1
23473087,20111201,1
23473087,20111208,1
23473087,20120216,1
23473087,20120607,1
23473087,20121101,1
23473087,20130404,1
23473087,20130425,1
23473087,20130613,1
23473087,20130815,1
23473087,20140501,1
23473087,20141225,1
23473087,20150101,1
23473087,20150402,1
23473087,20161201,1
23473087,20161208,1
23473087,20170216,1
23473087,20170615,1
23473087,20171005,1
23473087,20180531,1
23473087,20181101,1
23473087,20190404,1
23473087,20190425,1
23473087,20190613,1
23473087,20190620,1
23473087,20200402,1
23473087,20120406,1
23473087,20121005,1
23473087,20130329,1
23473087,20131101,1
23473087,20140418,1
23473087,20140425,1
23473087,20140613,1
23473087,20140815,1
23473087,20150403,1
23473087,20150501,1
23473087,20151225,1
23473087,20160101,1
23473087,20160325,1
23473087,20160603,1
23473087,20160610,1
23473087,20171201,1
23473087,20171208,1
23473087,20180216,1
23473087,20180330,1
23473087,20180615,1
23473087,20181005,1
23473087,20191101,1
23473087,20200501,1
23473087,20201225,1
23473087,20121201,1
23473087,20121208,1
23473087,20130216,1
23473087,20131005,1
23473087,20150404,1
23473087,20150425,1
23473087,20150613,1
23473087,20151226,1
23473087,20160402,1
23473087,20170603,1
23473087,20170610,1
23473087,20181201,1
23473087,20181208,1
23473087,20190216,1
23473087,20191005,1
23473087,20200404,1
23473085,20111225,1
23473085,20120101,1
23473085,20120408,1
23473085,20120603,1
23473085,20120610,1
23473085,20131201,1
23473085,20131208,1
23473085,20151101,1
23473085,20151227,1
23473085,20160103,1
23473085,20160327,1
23473085,20160501,1
23473085,20161225,1
23473085,20170101,1
23473085,20170402,1
23473085,20180603,1
23473085,20180610,1
23473085,20191201,1
23473085,20191208,1
23473085,20200216,1
23473085,20201101,1
23473085,20120402,1
23473085,20130603,1
23473085,20130610,1
23473085,20141208,1
23473085,20150216,1
23473085,20151005,1
23473085,20160404,1
23473085,20160425,1
23473085,20160613,1
23473085,20160815,1
23473085,20170501,1
23473085,20171225,1
23473085,20180101,1
23473085,20180402,1
23473085,20190603,1
23473085,20190610,1
23473085,20201005,1
23473085,20111101,1
23473085,20120501,1
23473085,20121225,1
23473085,20130101,1
23473085,20130402,1
23473085,20140610,1
23473085,20151201,1
23473085,20151208,1
23473085,20160216,1
23473085,20161101,1
23473085,20170228,1
23473085,20170404,1
23473085,20170425,1
23473085,20170613,1
23473085,20180501,1
23473085,20181225,1
23473085,20190101,1
23473085,20190305,1
23473085,20190402,1
23473085,20201201,1
23473085,20201208,1
23473085,20111005,1
23473085,20120404,1
23473085,20120425,1
23473085,20120613,1
23473085,20120815,1
23473085,20130501,1
23473085,20131225,1
23473085,20140101,1
23473085,20150603,1
23473085,20150610,1
23473085,20161005,1
23473085,20171101,1
23473085,20180228,1
23473085,20180404,1
23473085,20180425,1
23473085,20180613,1
23473085,20180815,1
23473085,20190501,1
23473085,20191225,1
23473085,20200101,1
23473085,20200603,1
23473085,20200610,1
23473085,20111201,1
23473085,20111208,1
23473085,20120216,1
23473085,20120607,1
23473085,20121101,1
23473085,20130404,1
23473085,20130425,1
23473085,20130613,1
23473085,20130815,1
23473085,20140501,1
23473085,20141225,1
23473085,20150101,1
23473085,20150402,1
23473085,20161201,1
23473085,20161208,1
23473085,20170216,1
23473085,20170615,1
23473085,20171005,1
23473085,20180531,1
23473085,20181101,1
23473085,20190404,1
23473085,20190425,1
23473085,20190613,1
23473085,20190620,1
23473085,20200402,1
23473085,20120406,1
23473085,20121005,1
23473085,20130329,1
23473085,20131101,1
23473085,20140418,1
23473085,20140425,1
23473085,20140613,1
23473085,20140815,1
23473085,20150403,1
23473085,20150501,1
23473085,20151225,1
23473085,20160101,1
23473085,20160325,1
23473085,20160603,1
23473085,20160610,1
23473085,20171201,1
23473085,20171208,1
23473085,20180216,1
23473085,20180330,1
23473085,20180615,1
23473085,20181005,1
23473085,20191101,1
23473085,20200501,1
23473085,20201225,1
23473085,20121201,1
23473085,20121208,1
23473085,20130216,1
23473085,20131005,1
23473085,20150404,1
23473085,20150425,1
23473085,20150613,1
23473085,20151226,1
23473085,20160402,1
23473085,20170603,1
23473085,20170610,1
23473085,20181201,1
23473085,20181208,1
23473085,20190216,1
23473085,20191005,1
23473085,20200404,1
